ZFER AFER Channel Zp  Ap  Zt  At   Beam_Energy(MeV)  cross-section(ub)  Ecross-section(ub)  Facility  Cf  Af/An
74   163   2pn    28  60  48  106   270   4.0E3     0.0      JYFL     0.65    1.0
74   163   a2pn   36  78  42  92    380   0.7E3     0.0      JYFL     0.71    1.0
76   167   2pn    36  78  42  92    365   2.0E3     0.0      JYFL     0.71    1.0
76   167   2pn    36  78  42  92    357   2.0E3     0.0      JYFL     0.71    1.0
78   171   2pn    36  78  44  96    348   85.0      0.0      JYFL     0.59    1.0
82   183   p3n    42  94  41  93    419   0.02      0.0      A.A      0.63    0.0    
82   183   p3n    42  94  41  93    427   0.07      0.0      A.A      0.63    0.0
82   183   p3n    42  94  41  93    430   0.18      0.0      A.A      0.63    0.0
82   183   p3n    42  94  41  93    435   0.27      0.0      A.A      0.63    0.0
82   183   p3n    42  94  41  93    445   0.44      0.0      A.A      0.63    0.0
82   183   p3n    42  94  41  93    451   0.44      0.0      A.A      0.63    0.0
82   184   p2n    42  94  41  93    405   1.2       0.0      A.A      0.63    0.0
82   184   p2n    42  94  41  93    419   2.7       0.0      A.A      0.63    0.0
82   184   p2n    42  94  41  93    427   2.8       0.0      A.A      0.63    0.0
82   184   p2n    42  94  41  93    430   2.7       0.0      A.A      0.63    0.0
82   184   p2n    42  94  41  93    435   2.6       0.0      A.A      0.63    0.0
82   184   p2n    42  94  41  93    445   1.3       0.0      A.A      0.63    0.0
82   184   p2n    42  94  41  93    451   0.58      0.0      A.A      0.63    0.0
82   185   pn     42  94  41  93    405   15.9      0.0      A.A      0.63    0.0
82   185   pn     42  94  41  93    419   11.7      0.0      A.A      0.63    0.0
82   185   pn     42  94  41  93    427   6.1       0.0      A.A      0.63    0.0
82   185   pn     42  94  41  93    430   3.8       0.0      A.A      0.63    0.0
82   183   p4n    42  95  41  93    456   0.052     0.0      A.A      0.63    0.0
82   184   p3n    42  95  41  93    403   0.069     0.0      A.A      0.63    0.0
82   184   p3n    42  95  41  93    421   0.442     0.0      A.A      0.63    0.0
82   184   p3n    42  95  41  93    437   2.027     0.0      A.A      0.63    0.0
82   184   p3n    42  95  41  93    450   2.444     0.0      A.A      0.63    0.0
82   184   p3n    42  95  41  93    456   1.694     0.0      A.A      0.63    0.0
82   185   p2n    42  95  41  93    373   0.059     0.0      A.A      0.63    0.0
82   185   p2n    42  95  41  93    387   0.759     0.0      A.A      0.63    0.0
82   185   p2n    42  95  41  93    403   9.415     0.0      A.A      0.63    0.0
82   185   p2n    42  95  41  93    421   25.38     0.0      A.A      0.63    0.0
82   185   p2n    42  95  41  93    438   16.80     0.0      A.A      0.63    0.0
82   185   p2n    42  95  41  93    450   4.614     0.0      A.A      0.63    0.0
82   185   p2n    42  95  41  93    456   3.339     0.0      A.A      0.63    0.0
82   186   pn     42  95  41  93    373   2.34      0.0      A.A      0.63    0.0
82   186   pn     42  95  41  93    387   15.89     0.0      A.A      0.63    0.0
82   186   pn     42  95  41  93    403   29.23     0.0      A.A      0.63    0.0
82   186   pn     42  95  41  93    421   7.74      0.0      A.A      0.63    0.0
82   186   pn     42  95  41  93    437   0.76      0.0      A.A      0.63    0.0
82   187   p      42  95  41  93    373   1.31      0.0      A.A      0.63    0.0
82   187   p      42  95  41  93    387   1.42      0.0      A.A      0.63    0.0
82   187   p      42  95  41  93    403   0.65      0.0      A.A      0.63    0.0
83   184   3n     42  94  41  93    419   0.034     0.0      A.A      0.63    0.0
83   184   3n     42  94  41  93    426   0.069     0.0      A.A      0.63    0.0
83   184   3n     42  94  41  93    430   0.052     0.0      A.A      0.63    0.0
83   184   3n     42  94  41  93    435   0.048     0.0      A.A      0.63    0.0
83   184   3n     42  94  41  93    445   0.018     0.0      A.A      0.63    0.0
83   185   2n     42  94  41  93    419   0.034     0.0      A.A      0.63    0.0
83   185   2n     42  94  41  93    426   0.015     0.0      A.A      0.63    0.0
83   185   2n     42  94  41  93    430   0.010     0.0      A.A      0.63    0.0
83   185   3n     42  95  41  93    403   13E-3     0.0      A.A      0.63    0.0
83   185   3n     42  95  41  93    422   40E-3     0.0      SHIP     0.63    0.0
83   185   3n     42  95  41  93    438   4.2E-3    0.0      A.A      0.63    0.0
83   186   2n     42  95  41  93    375   0.08      0.0      SHIP     0.63    0.0
83   186   2n     42  95  41  93    387   0.72      0.0      SHIP     0.63    0.0
83   186   2n     42  95  41  93    403   1.28      0.0      SHIP     0.63    0.0
83   186   2n     42  95  41  93    422   0.21      0.0      SHIP     0.63    0.0
83   186   2n     42  95  41  93    438   0.026     0.0      SHIP     0.63    0.0
83   186   p3n    22  46  62  144   230   220E-3    50E-3    SHIP     0.66    0.0
83   186   p5n    24  50  60  142   268   0.032     0.0      SHIP     0.67    0.0
83   186   p5n    24  50  60  142   283   0.215     0.0      SHIP     0.67    0.0
83   187   n      42  95  41  93    375   0.1       0.0      SHIP     0.63    0.0
83   187   n      42  95  41  93    387   0.1       0.0      SHIP     0.63    0.0
83   187   n      42  95  41  93    403   0.03      0.0      SHIP     0.63    0.0
83   187   n      42  95  41  93    422   0.003     0.0      SHIP     0.63    0.0
83   187   p2n    22  46  62  144   220   200E-3    80E-3    SHIP     0.66    0.0
83   187   p4n    24  50  60  142   248   0.039     0.0      SHIP     0.67    0.0
83   187   p4n    24  50  60  142   268   0.509     0.0      SHIP     0.67    0.0
83   187   p4n    24  50  60  142   282   0.062     0.0      SHIP     0.67    0.0
83   187   p6n    24  52  60  142   289   0.029     0.0      SHIP     0.68    0.0
83   187   p6n    24  52  60  142   302   0.141     0.0      SHIP     0.68    0.0
83   188   p3n    24  50  60  142   234   1.01      0.0      SHIP     0.67    0.0
83   188   p3n    24  50  60  142   248   9.24      0.0      SHIP     0.67    0.0
83   188   p3n    24  50  60  142   268   0.118     0.0      SHIP     0.67    0.0
83   188   p5n    24  52  60  142   268   0.045     0.0      SHIP     0.68    0.0
83   188   p5n    24  52  60  142   284   1.20     0.0       SHIP     0.68    0.0
83   188   p5n    24  52  60  142   289   0.99     0.0       SHIP     0.68    0.0
83   188   p5n    24  52  60  142   302   0.40     0.0       SHIP     0.68    0.0
83   189   p2n    24  50  60  142   234   14.99     0.0      SHIP     0.67    0.0
83   189   p2n    24  50  60  142   248   3.28      0.0      SHIP     0.67    0.0
83   189   p2n    24  50  60  142   268   0.048     0.0      SHIP     0.67    0.0
83   189   p4n    24  52  60  142   252   0.16      0.0      SHIP     0.68    0.0
83   189   p4n    24  52  60  142   268   6.25      0.0      SHIP     0.68    0.0
83   189   p4n    24  52  60  142   284   0.71      0.0      SHIP     0.68    0.0
83   189   p4n    24  52  60  142   288   0.28      0.0      SHIP     0.68    0.0
83   190   pn     24  50  60  142   234   0.6       0.0      SHIP     0.67    0.0
83   190   p3n    24  52  60  142   235   0.79      0.0      SHIP     0.68    0.0
83   190   p3n    24  52  60  142   248   9.64      0.0      SHIP     0.68    0.0
83   190   p3n    24  52  60  142   251   12.95     0.0      SHIP     0.68    0.0
83   190   p3n    24  52  60  142   252   13.31     0.0      SHIP     0.68    0.0
83   190   p3n    24  52  60  142   268   2.64      0.0      SHIP     0.68    0.0
83   190   p3n    24  52  60  142   284   0.05      0.0      SHIP     0.68    0.0
83   191   p2n    24  52  60  142   221   2.56      0.0      SHIP     0.68    0.0
83   191   p2n    24  52  60  142   225   8.01      0.0      SHIP     0.68    0.0
83   191   p2n    24  52  60  142   235   111.94    0.0      SHIP     0.68    0.0
83   191   p2n    24  52  60  142   247   30.46     0.0      SHIP     0.68    0.0
83   191   p2n    24  52  60  142   253   15.27     0.0      SHIP     0.68    0.0
83   191   p2n    24  52  60  142   268   1.01      0.0      SHIP     0.68    0.0
83   192   pn     24  52  60  142   221   70.4      0.0      SHIP     0.68    0.0
83   192   pn     24  52  60  142   225   121.97    0.0      SHIP     0.68    0.0
83   192   pn     24  52  60  142   235   9.87      0.0      SHIP     0.68    0.0
83   193   4n     16  32  67  165   152   3.0E3     0.0      RITU     0.00    0.0
84   186   4n     22  46  62  144   230   200E-6    70E-6    SHIP     0.66    0.0
84   187   3n     22  46  62  144   220   0.8E-3    0.3E-3   SHIP     0.66    0.0
84   188   4n     24  50  60  142   248   8.0E-3    4.0E-3   SHIP     0.67    0.0
84   189   3n     24  50  60  142   248   14.0E-3   0.0      SHIP     0.67    0.0
84   188   6n     24  52  60  142   283   0.6E-3    0.3E-3   SHIP     0.68    0.0
84   188   6n     24  52  60  142   288   0.4E-3    0.0      SHIP     0.68    0.0
84   189   5n     24  52  60  142   268   0.03      0.01     SHIP     0.68    0.0
84   190   2n     22  48  62  144   207   0.5       0.0      Unknown  0.68    0.0
84   190   4n     24  52  60  142   235   0.01      0.0      SHIP     0.68    0.0
84   190   4n     24  52  60  142   248   0.17      0.0      SHIP     0.68    0.0
84   190   4n     24  52  60  142   250   0.15      0.04     SHIP     0.68    0.0
84   190   4n     24  52  60  142   252   0.11      0.0      SHIP     0.68    0.0
84   190   4n     24  52  60  142   268   0.0015    0.0      SHIP     0.68    0.0
84   190   2n     42  96  42  96    404   10E-3    0.0       SHIP     0.59    0.0
84   191   3n     24  52  60  142   221   0.05      0.0      SHIP     0.68    0.0
84   191   3n     24  52  60  142   225   0.15      0.0      SHIP     0.68    0.0
84   191   3n     24  52  60  142   235   1.6       0.4      SHIP     0.68    0.0
84   191   3n     24  52  60  142   248   0.21      0.0      SHIP     0.68    0.0
84   191   3n     24  52  60  142   250   0.09      0.0      SHIP     0.68    0.0
84   192   2n     24  52  60  142   221   8.0       2.0      SHIP     0.68    0.0
84   192   2n     24  52  60  142   225   4.01      0.0      SHIP     0.68    0.0
84   192   2n     24  52  60  142   235   0.40      0.0      SHIP     0.68    0.0
84   194   p2n    26  56  59  141   255   18.0      4.0      SHIP     0.67    0.0
85   191   4n     26  54  59  141   260   300E-6    0.0      JYFL     0.58    0.0
85   192   3n     23  51  62  144   230   40E-3     10.0E-3  SHIP     0.62    0.0
85   193   4n     26  56  59  141   266   40.0E-3   0.0      JYFL     0.58    0.0
85   194   3n     26  56  59  141   255   1.3       0.4      SHIP     0.58    0.0
85   194   3n     26  56  59  141   248   1.5       0.0      JYFL     0.67    0.0
85   194   4n     23  51  62  147   224   50E-3     0.0      JYFL     0.64    0.0
85   195   3n     23  51  62  147   224   1.2       0.0      JYFL     0.64    0.0
85   195   p2n    26  56  60  142   262   200E-3    0.0      JYFL     0.58    0.0
85   196   2n     23  51  62  147   224   230.0E-3  0.0      JYFL     0.64    0.0
85   193   4n     26  56  59  141   265   40.0E-3   0.0      UnKnow   0.0     0.0
85   196   3n     20  40  65  159   182   3.6       0.0      UnKnow   0.0     0.0
85   197   8n     12  24  73  181   168   54        0.0      UnKnow   0.0     0.0
85   198   7n     12  24  73  181   156   850       0.0      UnKnow   0.0     0.0
85   199   6n     12  24  73  181   140   4.5E3     0.0      UnKnow   0.0     0.0
85   200   5n     12  24  73  181   127   30.0E3    0.0      UnKnow   0.0     0.0
85   200   7n     12  26  73  181   154   8.0E3     0.0      UnKnow   0.0     0.0
85   201   6n     12  26  73  181   141   20.0E3    0.0      UnKnow   0.0     0.0
85   202   5n     12  26  73  181   127   40.0E3    0.0      UnKnow   0.0     0.0
85   203   4n     12  26  73  181   120   14.0E3    0.0      UnKnow   0.0     0.0
86   193   3n     24  52  62  144   248   50E-6     20E-6    JYFL     0.50    0.0
86   194   2n     24  52  62  144   232   120E-6    50E-6    JYFL     0.50    0.0
86   195   3n     26  56  60  142   260   2E-3      0        JYFL     0.58    0.0
86   196   2n     26  56  60  142   240   2E-3      0        JYFL     0.58    0.0
87   197   4n     28  60  59  141   300   18.0E-6   41.0E-6  SHIPud   0.58    0.0
87   198   3n     28  60  59  141   282   1.0E-3    0.2E-3   SHIP     0.58    0.0
87   199   2n     28  60  59  141   267   3.1E-3    1.3E-3   SHIP     0.58    0.0
83   190   2p1n   36  78  49  115   345   1.34E-1   9.8E-3   IMPHH    0.00    0.0  
83   190   2p1n   36  78  49  115   353   1.9E-1    1.2E-2   IMPHH    0.00    0.0  
83   190   2p1n   36  78  49  115   358   9.1E-2    4.0E-3   IMPHH    0.00    0.0  
83   189   2p2n   36  78  49  115   345   1.1E-2    3.0E-3   IMPHH    0.00    0.0  
83   189   2p2n   36  78  49  115   353   5.6E-2    6.7E-3   IMPHH    0.00    0.0  
83   189   2p2n   36  78  49  115   358   5.27E-2   3.21E-3  IMPHH    0.00    0.0  
82   186   ap2n   36  78  49  115   345   5.3E-2    1.0E-2   IMPHH    0.00    0.0  
82   186   ap2n   36  78  49  115   353   1.06E-1   1.3E-2   IMPHH    0.00    0.0  
82   186   apn    36  78  49  115   358   9.8E-2    6.0E-3   IMPHH    0.00    0.0  
82   187   apn    36  78  49  115   345   1.07E-1   2.0E-2   IMPHH    0.00    0.0  
82   187   apn    36  78  49  115   353   2.8E-1    3.8E-2   IMPHH    0.00    0.0  
82   187   apn    36  78  49  115   358   1.14E-1   2.0E-2   IMPHH    0.00    0.0  
84   190   p2n    36  78  49  115   345   2.0E-3    1.0E-3   IMPHH    0.00    0.0  
84   190   p2n    36  78  49  115   353   1.1E-3    7.8E-4   IMPHH    0.00    0.0  
84   190   p2n    36  78  49  115   358   4.0E-4    2.0E-4   IMPHH    0.00    0.0  
83   187   a2n    36  78  49  115   345   7.0E-3    2.0E-3   IMPHH    0.00    0.0  
83   187   a2n    36  78  49  115   353   8.2E-3    2.1E-3   IMPHH    0.00    0.0  
83   187   a2n    36  78  49  115   358   3.0E-3    8.0E-4   IMPHH    0.00    0.0  
91   220   a3n    18  40  75  187   188   6.5E-3    0.9E-3   SHANS16  0.00    0.0  
