1  1  7
7.28897061	13.13572176	14.94980993	24.621127	32.892444	
41.875721	49.135	
9e-08	1.1e-07	2.2e-07	0.1	0.089443	
0.254127	1.004	
1	1	1	1	1	
1	0	
2  3  10
14.93121793	2.42491561	11.231233	17.592095	26.073126	
31.609681	40.935826	49.197143	
2.1e-07	6e-08	0.02	5.3e-05	0.007559	
8.9e-05	0.046816	0.092848	
1	1	1	1	1	
1	1	1	
3  3  13
28.667	25.323189	11.678886	14.08687895	14.90710529	
20.945804	24.954902	33.052624	40.728254	49.009571	
56.980888	
2	0.212132	0.05	1.44e-06	4.23e-06	
4.7e-05	0.000186	0.012721	0.000615	0.030006	
0.070003	
0	1	1	1	1	
1	1	1	1	1	
1	
4  5  16
37.139	18.375033	15.768999	4.941671	11.348453	
12.607488	20.177167	25.07776	33.659077	39.954498	
49.825815	57.447132	
2.003	0.005448	7.1e-05	3.5e-05	7.7e-05	
8.1e-05	0.000238	0.001909	0.01018	0.132245	
0.165797	0.165797	
0	1	1	1	1	
1	1	1	1	1	
1	1	
5  6  21
47.32	27.67655	22.921567	12.416488	12.050609	
8.667707	13.369397	16.561947	23.663685	28.958242	
37.11251	43.716317	51.792634	59.770244	68.45	
77.33	
2.003	0.02515	0.001	0.000903	1.5e-05	
1.2e-05	0.001321	0.001	0.021213	0.021032	
0.024569	0.204104	0.204165	0.525363	0.8	
0.9	
0	1	1	1	1	
1	1	1	1	1	
1	1	1	1	0	
0	
6  8  23
35.064268	28.910972	15.698672	10.649396	0	
3.12500888	3.01989278	9.873144	13.694132	21.031898	
24.919264	32.413752	37.503563	45.643	53.611197	
64.171	
0.018243	0.002137	7e-05	6e-05	0	
2.1e-07	3.76e-06	0.0008	0.003578	0.017365	
0.03	0.098389	0.230625	0.596	0.23149	
0.997	
1	1	1	1	1	
1	1	1	1	1	
1	1	1	0	1	
0	
7  10  25
38.800026	24.303559	17.338068	5.345481	2.86341672	
0.10143871	5.683907	7.870079	13.113168	15.856282	
21.766496	25.231913	31.764801	36.720425	46.938	
55.983	
0.4	0.046154	0.001	0.00027	1.9e-07	
6e-07	0.002301	0.015	0.01857	0.016404	
0.078894	0.134048	0.207779	0.42057	0.401	
0.503	
1	1	1	1	1	
1	1	1	1	1	
1	1	1	1	0	
0	
8  12  28
31.914613	23.115432	8.007781	2.855605	-4.73700135	
-0.80876348	-0.7828156	3.332858	3.796172	8.062035	
9.283033	14.621369	18.500402	27.329027	34.661037	
44.67	52.08	
0.024	0.009526	2.5e-05	0.000491	1.6e-07	
6.6e-07	7.1e-07	0.002637	0.000885	0.012	
0.056921	0.121712	0.164874	0.165084	0.16495	
0.5	0.699	
1	1	1	1	1	
1	1	1	1	1	
1	1	1	1	1	
0	0	
9  14  31
31.964402	16.566751	10.680253	1.951702	0.873113	
-1.4874442	-0.017463	-0.047605	2.793373	3.285263	
7.544515	11.334166	18.648875	25.450279	33.741596	
40.150186	48.112	56.143	
0.041119	0.014	0.008321	0.000248	0.000463	
8.6e-07	3e-05	0.0018	0.012399	0.03332	
0.09767	0.096442	0.111199	0.38983	0.393024	
0.525363	0.596	0.546	
1	1	1	1	1	
1	1	1	1	1	
1	1	1	1	1	
1	0	0	
10  15  34
40.215373	23.986776	16.500447	5.317614	1.75205	
-7.04193055	-5.731776	-8.024719	-5.154049	-5.951646	
-2.035502	0.481114	7.050909	11.299737	18.399801	
23.280117	31.181591	36.999	45.997	52.842	

0.066684	0.02048	0.000354	0.000363	0.00016	
1.57e-06	3.8e-05	1.8e-05	0.000104	0.000513	
0.029045	0.018429	0.09077	0.126068	0.149505	
0.25325	0.266195	0.503	0.596	0.513	

1	1	1	1	1	
1	1	1	1	1	
1	1	1	1	1	
1	1	0	0	0	

11  17  37
35.173214	25.037988	12.92939	6.850604	-2.184631	
-5.181511	-9.52985248	-8.417901	-9.357813	-6.86078	
-5.51779	-0.988315	2.679994	8.47467	12.246031	
18.640151	23.78011	31.680111	38.231	46.303	
53.534	
1.001356	0.093881	0.010535	0.001114	9.8e-05	
0.000171	1.81e-06	1.7e-05	0.0012	0.003502	
0.003726	0.010246	0.007337	0.004727	0.013972	
0.03726	0.449912	0.599416	0.67	0.678	
0.687	
1	1	1	1	1	
1	1	1	1	1	
1	1	1	1	1	
1	1	1	0	0	
0	
12  19  40
31.828389	17.477692	10.90385	-0.399933	-5.473513	
-13.933569	-13.192783	-16.214542	-14.586611	-15.018845	
-10.602829	-8.88382	-3.122151	-0.8289	4.962297	
8.323348	15.639784	20.380157	28.211474	34.074	
42.275	48.35	
0.050001	0.001863	0.000755	0.000313	0.000158	
1.3e-05	4.7e-05	3e-05	5e-05	0.002001	
0.0114	0.003447	0.003074	0.00326	0.002888	
0.028876	0.269668	0.690237	0.698947	0.503	
0.513	0.5	
1	1	1	1	1	
1	1	1	1	1	
1	1	1	1	1	
1	1	1	1	0	
0	0	
13  21  43
26.99	18.201	6.74807	-0.048865	-8.915975	
-12.210151	-17.196861	-16.850645	-18.20776	-15.864844	
-14.950706	-11.099367	-8.49738	-3.000289	-0.223728	
5.950384	9.809563	16.209859	20.65	27.59	
33.42	40.1	47.02	
0.596	0.401	0.000345	0.000233	6.5e-05	
6.7e-05	4.7e-05	7.7e-05	0.000345	0.002888	
0.002236	0.007173	0.006986	0.003074	0.007359	
0.149505	0.180244	0.374461	0.4	0.4	
0.5	0.6	0.8	
0	0	1	1	1	
1	1	1	1	1	
1	1	1	1	1	
1	1	1	0	0	
0	0	0	
14  22  45
33.338	23.697	10.745195	3.827324	-7.141015	
-12.384503	-21.4927943	-21.89507838	-24.43296	-22.949036	
-24.077686	-20.514325	-19.956852	-14.391457	-12.436124	
-6.571511	-4.170299	2.320352	5.429679	12.119668	
16.47	23.101	28.513	37.49	
0.503	0.503	0.019472	0.01	0.000108	
0.000107	4.9e-07	5.6e-07	2.2e-05	4.3e-05	
0.000298	0.000699	0.014118	0.035857	0.071797	
0.113809	0.104793	0.135532	0.345119	0.554705	
0.5	0.596	0.596	0.7	
0	0	1	1	1	
1	1	1	1	1	
1	1	1	1	1	
1	1	1	1	1	
0	0	0	0	
15  24  47
33.32	19.738	10.973	-0.722458	-7.14774	
-16.952848	-20.200854	-24.44054095	-24.304874	-26.337346	
-24.548698	-24.857799	-20.251034	-18.995998	-14.621563	
-12.774634	-8.11437	-4.979767	1.00974	4.679826	
10.45	15.6	22.97	29.71	
0.503	0.401	0.196	0.02634	0.001152	
0.000359	6.5e-05	6.7e-07	4e-05	0.00109	
0.00081	0.001866	0.013114	0.037948	0.072581	
0.112645	0.153582	0.120163	0.314379	0.554705	
0.5	0.5	0.7	0.8	
0	0	0	1	1	
1	1	1	1	1	
1	1	1	1	1	
1	1	1	1	1	
0	0	0	0	
16  26  49
27.079	17.028	4.073206	-3.156416	-14.059253	
-19.042525	-26.01553355	-26.58585434	-29.931685	-28.846206	
-30.664131	-26.896417	-26.861203	-23.162667	-22.837846	
-19.008577	-17.637746	-12.195459	-9.204233	-3.989589	
0.34	7.37	12.761	21.093	
0.596	0.401	0.16	0.05	0.000206	
0.000229	1.32e-06	1.35e-06	4.5e-05	4e-05	
0.000188	0.000198	0.007172	0.05	0.003982	
0.004099	0.002794	0.00497	0.005216	1.035356	
0.5	0.5	0.596	0.667	
0	0	1	1	1	
1	1	1	1	1	
1	1	1	1	1	
1	1	1	1	1	
0	0	0	0	
17  28  51
27.516	13.162176	4.443	-7.034551	-13.334674	
-21.003337	-24.440082	-29.013528	-29.522005	-31.761538	
-29.798103	-29.800205	-27.557813	-27.307189	-24.831767	
-24.159508	-20.384523	-18.262543	-13.859398	-9.78	
-4.28	0.94	7.74	14.29	
0.596	0.18868	0.196	0.003447	0.000562	
0.000391	4.9e-05	3.5e-05	3.6e-05	5.2e-05	
9.8e-05	0.001732	0.032066	0.068723	0.059616	
0.061858	0.136321	0.136163	0.208661	0.4	
0.5	0.6	0.6	0.7	
0	1	0	1	1	
1	1	1	1	1	
1	1	1	1	1	
1	1	1	1	0	
0	0	0	0	
18  30  53
20.931147	11.325	-2.200351	-9.384292	-18.37829	
-23.047284	-30.23154	-30.947664	-34.714821	-33.24219	
-35.03989464	-33.067505	-34.422675	-32.009808	-32.673255	
-29.770796	-29.772926	-25.366338	-22.281337	-17.19	
-13.33	-6.69	-1.28	6.791	
0.206155	0.2	0.00177	0.000401	7.8e-05	
0.00068	2.7e-05	0.000207	0.000195	0.005	
2.24e-06	0.000347	0.005775	0.00531	0.001584	
0.000512	0.001118	0.001118	0.307393	0.4	
0.5	0.6	0.6	0.699	
1	0	1	1	1	
1	1	1	1	1	
1	1	1	1	1	
1	1	1	1	0	
0	0	0	0	
19  32  56
21.098	7.042	-1.22	-11.172891	-17.417065	
-24.800199	-28.800755	-33.8071901	-33.535492	-35.55954331	
-35.022026	-36.575389	-35.781492	-36.615638	-35.413924	
-35.711976	-32.284477	-29.61149	-25.727848	-22.516196	
-17.137627	-12.295721	-5.002	0.708	7.927	

0.401	0.196	0.196	0.000512	0.000341	
9.4e-05	0.000195	4.58e-06	5.6e-05	3.8e-06	
0.000106	0.00041	0.000419	0.000522	0.000727	
0.001397	0.000773	0.000801	0.007731	0.013047	
0.033534	0.111779	0.596	0.699	0.801	

0	0	0	1	1	
1	1	1	1	1	
1	1	1	1	1	
1	1	1	1	1	
1	1	0	0	0	

20  34  58
13.851	4.788	-6.451149	-13.136066	-22.058499	
-27.282702	-34.846384	-35.13789	-38.547245	-38.408822	
-41.468675	-40.812174	-43.139361	-42.344418	-44.224629	
-41.299765	-39.589224	-36.332304	-34.266266	-29.387704	
-25.160585	-18.35	-13.898	-6.874	-1.919	

0.298	0.196	0.04	0.000634	0.000194	
0.000596	2.1e-05	0.000138	0.000149	0.000228	
0.000325	0.000366	0.002235	0.002222	9.6e-05	
0.000201	0.001584	0.000522	0.000671	0.04378	
0.048438	0.3	0.4	0.4	0.5	

0	0	1	1	1	
1	1	1	1	1	
1	1	1	1	1	
1	1	1	1	1	
1	0	0	0	0	

21  36  61
15.351	3.52	-4.249	-14.172709	-20.523335	
-28.642412	-32.121153	-36.188102	-37.815985	-41.071896	
-41.761219	-44.336595	-44.503842	-46.561265	-44.547382	
-43.228684	-40.443279	-38.906808	-33.8909	-30.159352	
-24.85226	-20.995875	-14.876	-10.302	-4.052	
0.931	
0.298	0.3	0.2	0.024	0.002828	
8.3e-05	0.000169	0.001863	0.001756	0.000675	
0.000683	0.001933	0.004951	0.002698	0.015	
0.02	0.081852	0.094087	0.2728	0.454342	
0.586841	1.304092	0.4	0.4	0.5	
0.6	
0	0	0	1	1	
1	1	1	1	1	
1	1	1	1	1	
1	1	1	1	1	
1	1	0	0	0	
0	
22  38  64
10.87	2.2	-8.850384	-15.697537	-25.104674	
-29.321082	-37.548569	-39.00984	-44.127799	-44.937364	
-48.492709	-48.563787	-51.43166	-49.732837	-49.46982	
-46.831061	-45.621981	-41.668088	-39.320048	-33.915633	
-31.11	-25.51	-22.33	-16.35	-12.5	
-5.75	-1.025	
0.3	0.2	0.16	0.027945	0.000277	
0.007245	0.0007	0.000845	0.000165	0.000115	
0.000109	0.000114	0.000121	0.000505	0.007072	
0.100049	0.082461	0.161602	0.121247	0.256417	
0.2	0.2	0.3	0.4	0.4	
0.5	0.6	
0	0	1	1	1	
1	1	1	1	1	
1	1	1	1	1	
1	1	1	1	1	
0	0	0	0	0	
0	0	
23  40  67
12.17	0.32	-7.62	-17.916356	-24.11638	
-31.886016	-37.075351	-42.006618	-44.477694	-47.961931	
-49.224013	-52.203842	-51.443769	-51.851061	-49.893173	
-49.144586	-46.154881	-44.41345	-40.401753	-37.832015	
-33.241956	-30.506429	-25.476	-21.89	-16.32	
-11.78	-5.61	-0.65	
0.3	0.2	0.196	0.042849	0.181641	
0.000872	0.000202	0.000169	0.000975	0.000828	
0.000409	0.000401	0.00042	0.00312	0.015004	
0.095104	0.176898	0.080479	0.089374	0.161874	
0.220159	0.894234	0.298	0.4	0.4	
0.5	0.5	0.6	
0	0	0	1	1	
1	1	1	1	1	
1	1	1	1	1	
1	1	1	1	1	
1	1	0	0	0	
0	0	0	
24  42  70
6.73	-1.97	-13.36	-19.514799	-29.471567	
-34.562578	-42.82202	-45.33306	-50.262072	-51.451395	
-55.419242	-55.286999	-56.934765	-55.10971	-55.285001	
-52.524702	-51.991801	-48.08576	-46.669576	-42.475229	
-40.894961	-36.007474	-33.479757	-28.22	-24.72	
-18.68	-14.8	-8.58	-4.48	
0.4	0.4	0.3	0.035397	0.011453	
0.00603	0.007324	0.002243	0.000437	0.0004	
0.00034	0.000348	0.000353	0.000399	0.000603	
0.001068	0.00149	0.216367	0.193593	0.101341	
0.148099	0.358073	0.439665	0.3	0.4	
0.4	0.5	0.5	0.6	
0	0	0	1	1	
1	1	1	1	1	
1	1	1	1	1	
1	1	1	1	1	
1	1	1	0	0	
0	0	0	0	
25  44  72
7.03	-5.25	-12.57	-22.566374	-29.296338	
-37.620634	-42.627595	-48.243877	-50.707284	-54.690116	
-55.557629	-57.712413	-56.911538	-57.486251	-55.82756	
-55.52532	-52.967938	-51.742122	-48.523957	-46.887053	
-42.989035	-40.967339	-36.750387	-33.46	-28.38	
-24.77	-19.5	-15.57	-9.9	
0.5	0.4	0.4	0.031671	0.006939	
0.002255	0.000442	0.000502	0.001845	0.00045	
0.001059	0.000303	0.000331	0.001505	0.002701	
0.002329	0.002329	0.002329	0.006542	0.003726	
0.00354	0.003726	0.011178	0.3	0.4	
0.4	0.5	0.5	0.6	
0	0	0	1	1	
1	1	1	1	1	
1	1	1	1	1	
1	1	1	1	1	
1	1	1	0	0	
0	0	0	0	
26  45  75
13.762	0.91	-6.87	-18	-24.750727	
-34.476456	-40.202555	-48.330363	-50.94753	-56.2545	
-57.4813	-60.607082	-60.181839	-62.155113	-60.664805	
-61.413017	-58.920494	-58.878048	-55.635621	-54.969544	
-51.217895	-50.067839	-45.610155	-43.486914	-39.03	
-36.51	-31.43	-28.43	-22.9	-19.59	
-13.64	
0.4	0.5	0.5	0.4	0.024219	
0.008383	0.008964	0.005117	0.001656	0.000372	
0.000342	0.000302	0.000304	0.000343	0.000355	
0.003409	0.002608	0.002794	0.004302	0.005017	
0.005112	0.004099	0.270285	0.365259	0.4	
0.4	0.4	0.5	0.5	0.6	
0.6	
0	0	0	0	1	
1	1	1	1	1	
1	1	1	1	1	
1	1	1	1	1	
1	1	1	1	0	
0	0	0	0	0	
0	
27  47  77
10.37	1.5	-9.88	-17.63	-27.342143	
-34.360951	-42.659428	-48.009953	-54.029883	-56.040402	
-59.345564	-59.847158	-62.229709	-61.650309	-62.898066	
-61.424282	-61.85144	-59.792329	-59.185198	-56.408533	
-55.321775	-51.930665	-50.279157	-46.63	-44.369926	
-40.2	-37.418	-32.82	-29.649	-24.51	
-21.015	
0.6	0.5	0.5	0.4	0.048438	
0.008383	0.001713	0.000383	0.000428	0.000493	
0.000533	0.00116	0.000418	0.000424	0.000846	
0.018575	0.018575	0.020006	0.002083	0.013972	
0.006443	0.189497	0.140506	0.3	0.46503	
0.4	0.4	0.5	0.5	0.6	
0.6	
0	0	0	0	1	
1	1	1	1	1	
1	1	1	1	1	
1	1	1	1	1	
1	1	1	0	1	
0	0	0	0	0	
0	
28  48  80
16.793	8.2	-4.12	-11.9	-22.33	
-29.630824	-39.278308	-45.335849	-53.907539	-56.083833	
-60.228744	-61.156707	-64.473118	-64.221905	-66.746323	
-65.512775	-67.098921	-65.125685	-66.006285	-63.74268	
-63.463814	-59.978648	-59.21386	-55.406228	-54.22606	
-50.108152	-48.456	-44.03	-41.63	-36.8	
-33.89	-27.57	-22.63	
0.502	0.6	0.5	0.5	0.4	
0.02515	0.004657	0.000719	0.000422	0.000582	
0.000373	0.000374	0.000376	0.000378	0.000439	
0.00044	0.000475	0.000495	0.001397	0.002888	
0.002981	0.003726	0.002144	0.002237	0.002237	
0.002423	0.196	0.3	0.4	0.5	
0.6	0.6	0.7	
0	0	0	0	0	
1	1	1	1	1	
1	1	1	1	1	
1	1	1	1	1	
1	1	1	1	1	
1	0	0	0	0	
0	0	0	
29  52  82
-2.28	-13.27	-21.41	-31.635399	-38.643029	
-47.308886	-51.667725	-56.358327	-58.345137	-61.984059	
-62.787426	-65.579752	-65.424545	-67.26366	-66.258272	
-67.319513	-65.567035	-65.736213	-62.976373	-62.711127	
-59.782999	-58.987437	-56.006205	-54.471341	-50.975985	
-48.624	-44.497469	-41.74	-36.2	-31.42	
-25.32	
0.6	0.5	0.4	0.155559	0.014904	
0.000519	0.000578	0.000544	0.001618	0.000953	
0.000647	0.00044	0.000448	0.00065	0.000655	
0.000894	0.001584	0.001397	0.001082	0.00149	
0.001397	0.001942	0.006148	0.00233	0.006707	
0.149	0.503007	0.3	0.4	0.5	
0.6	
0	0	0	1	1	
1	1	1	1	1	
1	1	1	1	1	
1	1	1	1	1	
1	1	1	1	1	
0	1	0	0	0	
0	
30  54  85
-6.272	-14.57	-25.39	-32.55	-42.298744	
-47.215551	-54.17434	-56.348903	-61.167972	-62.213397	
-66.004014	-65.912019	-68.89916	-67.880313	-70.007092	
-68.417845	-69.564735	-67.328777	-68.145486	-65.593402	
-65.756712	-62.558908	-62.303016	-58.789195	-57.483235	
-53.432295	-51.648612	-46.199663	-42.313954	-36.29	
-31.93	-25.23	
0.4	0.4	0.4	0.2	0.050001	
0.000771	0.000564	0.015899	0.000625	0.001561	
0.000647	0.00065	0.000749	0.00076	0.000784	
0.0008	0.001918	0.002654	0.002142	0.001863	
0.002515	0.001956	0.001456	0.001973	0.001944	
0.002225	0.002585	0.00503	0.003074	0.3	
0.4	0.5	
0	0	0	0	1	
1	1	1	1	1	
1	1	1	1	1	
1	1	1	1	1	
1	1	1	1	1	
1	1	1	1	0	
0	0	
31  56  87
-3.39	-15.01	-23.54	-33.76	-39.59	
-47.134659	-51.986906	-56.547093	-58.832821	-62.657507	
-63.72366	-66.879048	-67.085992	-69.327809	-68.91014	
-70.139135	-68.588293	-69.699335	-68.049617	-68.46458	
-66.29664	-65.992344	-63.70595	-62.547679	-59.223667	
-57.627954	-52.930719	-49.257122	-44.088	-39.849	
-34.08	-29.25	
0.5	0.4	0.3	0.17	0.2	
0.037994	0.000647	0.001304	0.001429	0.000815	
0.001096	0.001181	0.001433	0.001197	0.001201	
0.000812	0.000819	0.001677	0.002994	0.002422	
0.001956	0.002422	0.001903	0.001868	0.002891	
0.003264	0.002426	0.002613	0.2	0.298	
0.4	0.5	
0	0	0	0	0	
1	1	1	1	1	
1	1	1	1	1	
1	1	1	1	1	
1	1	1	1	1	
1	1	1	0	0	
0	0	
32  58  90
-7.08	-15.87	-27.09	-33.36	-41.74	
-46.921216	-54.315496	-56.478216	-61.607032	-62.65823	
-66.978789	-67.100663	-70.561876	-69.906497	-72.5859	
-71.297523	-73.422442	-71.856965	-73.212889	-71.212862	
-71.86205	-69.526592	-69.535306	-66.291687	-65.415067	
-60.976435	-58.148428	-53.12342	-49.399922	-44.078	
-40.138	-33.729	-29.221	
0.5	0.4	0.3	0.3	0.14	
0.03726	0.003726	0.002165	0.002401	0.004661	
0.001876	0.001318	0.000838	0.000834	7.6e-05	
5.7e-05	1.3e-05	5.2e-05	1.8e-05	5.3e-05	
0.003536	0.037181	0.002054	0.002055	0.002241	
0.002427	0.003171	0.003729	0.437802	0.3	
0.4	0.4	0.5	
0	0	0	0	0	
1	1	1	1	1	
1	1	1	1	1	
1	1	1	1	1	
1	1	1	1	1	
1	1	1	1	0	
0	0	0	
33  60  92
-5.47	-16.9	-24.32	-33.5	-39.532	
-46.937051	-52.025077	-56.587225	-58.894519	-63.112171	
-64.341876	-67.893097	-68.229798	-70.952747	-70.860054	
-73.034195	-72.291377	-73.916318	-72.81694	-73.636049	
-72.214493	-72.533304	-70.105419	-69.669323	-65.85356	
-63.189144	-58.962142	-55.617907	-50.72	-46.798	
-41.33	-36.896	-30.981	
0.4	0.3	0.3	0.2	0.203	
0.084766	0.005682	0.000443	0.001846	0.031999	
0.050007	0.004167	0.004083	0.003853	0.001693	
0.000884	0.000886	0.001693	0.009781	0.005328	
0.003333	0.002644	0.003729	0.002799	0.003171	
0.003078	0.00345	0.002985	0.196	0.298	
0.4	0.4	0.5	
0	0	0	0	0	
1	1	1	1	1	
1	1	1	1	1	
1	1	1	1	1	
1	1	1	1	1	
1	1	1	0	0	
0	0	0	
34  64  95
-26.7	-33.02	-41.66	-46.580289	-54.189441	
-56.434706	-61.929891	-63.146507	-67.86818	-68.227387	
-72.213201	-72.169481	-75.25195	-74.599488	-77.025944	
-75.917459	-77.759457	-76.388988	-77.593882	-75.34053	
-75.947721	-72.413636	-70.503167	-66.426125	-63.884195	
-58.992391	-55.800217	-50.580124	-46.724	-40.716	
-36.803	-30.46	
0.503	0.3	0.2	0.067068	0.000496	
0.00149	0.001584	0.002794	0.001956	0.007424	
1.5e-05	7.3e-05	1.6e-05	6.2e-05	0.000179	
0.000223	0.000963	0.000992	0.000467	0.003036	
0.001961	0.002613	0.00252	0.002241	0.003357	
0.003729	0.329749	0.433145	0.4	0.4	
0.5	0.5	
0	0	0	1	1	
1	1	1	1	1	
1	1	1	1	1	
1	1	1	1	1	
1	1	1	1	1	
1	1	1	0	0	
0	0	
35  67  98
-32.79	-38.791	-46.25947	-51.425619	-56.502418	
-59.061743	-63.647475	-65.288153	-69.107009	-70.289068	
-73.234809	-73.45216	-76.068035	-75.888993	-77.977034	
-77.498661	-79.013709	-77.783084	-78.575469	-75.632252	
-73.891676	-70.715959	-68.274263	-64.000298	-61.107294	
-56.232805	-52.89023	-47.4	-43.771	-38.163	
-34.055	-28.25	
0.4	0.259	0.042003	0.014904	0.005402	
0.001025	0.007266	0.005835	0.004285	0.009322	
0.002811	0.00358	0.001021	0.001012	0.000978	
0.000971	0.003795	0.02573	0.003078	0.003078	
0.003171	0.003171	0.003264	0.003357	0.003544	
0.006709	0.430816	0.3	0.298	0.298	
0.401	0.4	
0	0	1	1	1	
1	1	1	1	1	
1	1	1	1	1	
1	1	1	1	1	
1	1	1	1	1	
1	1	0	0	0	
0	0	
36  69  101
-32.435	-41.1	-46.327205	-53.940575	-56.551751	
-62.331836	-64.323624	-69.013714	-70.169443	-74.178275	
-74.442257	-77.893346	-77.696181	-80.59178515	-79.990633	
-82.4393351	-81.480331	-83.26566564	-80.709522	-79.691286	
-76.535785	-74.95925	-70.973965	-68.76932	-64.135994	
-61.347772	-56.158913	-53.079678	-47.423492	-44.311	
-38.759	-35.052	-29.128	
0.401	0.2	0.128769	0.008011	0.006578	
0.002013	0.008104	0.004013	0.001956	0.000307	
0.003486	0.000691	0.001074	5.49e-06	9e-06	
3.79e-06	0.002	3.69e-06	0.000246	0.002608	
0.002142	0.001863	0.002236	0.002701	0.002515	
0.012109	0.01863	0.020493	0.130409	0.298	
0.401	0.401	0.503	
0	0	1	1	1	
1	1	1	1	1	
1	1	1	1	1	
1	1	1	1	1	
1	1	1	1	1	
1	1	1	1	0	
0	0	0	
37  71  103
-32.06	-38.33	-46.082	-51.916009	-57.218694	
-60.479081	-64.830492	-66.935419	-70.802985	-72.175467	
-75.45667	-76.187803	-79.07063	-79.758964	-82.1673305	
-82.746993	-84.597791	-82.608995	-81.712388	-79.364404	
-77.745037	-74.772438	-72.619901	-68.562785	-65.891493	
-61.354349	-58.519137	-54.369146	-51.121143	-46.247064	
-42.845	-37.707	-33.608	
0.4	0.5	0.2	0.003027	0.00118	
0.000938	0.001304	0.003237	0.002142	0.001863	
0.004904	0.003009	0.002329	0.002194	4.98e-06	
0.0002	6e-06	0.000159	0.005427	0.006484	
0.007801	0.006123	0.00783	0.002029	0.020245	
0.003353	0.001912	0.016083	0.004031	0.019561	
0.2	0.298	0.401	
0	0	0	1	1	
1	1	1	1	1	
1	1	1	1	1	
1	1	1	1	1	
1	1	1	1	1	
1	1	1	1	1	
0	0	0	
38  73  107
-31.95	-40.827	-46.618694	-54.247639	-57.803436	
-63.173941	-65.476889	-70.311459	-71.528125	-76.010053	
-76.797606	-80.64957	-81.10328	-84.52308935	-84.88006595	
-87.92161793	-86.209017	-85.948127	-83.651927	-82.867361	
-80.085838	-78.845711	-75.119551	-72.924157	-68.581454	
-66.423104	-62.521401	-59.820903	-55.324907	-52.159304	
-47.422	-44.106	-38.61	-34.79	-28.9	

0.401	0.1	0.220003	0.034465	0.007918	
0.007452	0.008383	0.003464	0.003128	0.005992	
0.006834	0.001243	0.002813	5.22e-06	5.1e-06	
5.58e-06	9.2e-05	0.002124	0.005453	0.003423	
0.007554	0.001663	0.005812	0.008475	0.003385	
0.003226	0.004741	0.00716	0.00848	0.067068	
0.196	0.298	0.503	0.6	0.7	

0	0	1	1	1	
1	1	1	1	1	
1	1	1	1	1	
1	1	1	1	1	
1	1	1	1	1	
1	1	1	1	1	
0	0	0	0	0	

39  75  109
-31.82	-38.48	-46.439	-52.173	-57.817833	
-61.148152	-65.712912	-68.064091	-72.205665	-73.894431	
-77.842123	-79.283089	-83.018376	-84.299018	-87.708352	
-86.494062	-86.351295	-84.816492	-84.227157	-82.351463	
-81.208848	-78.335895	-76.121424	-72.294777	-70.649825	
-67.327396	-65.061002	-61.173177	-58.457575	-54.064	
-51.270361	-46.053	-42.364	-37.297	-33.2	

0.3	0.3	0.203	0.298	0.079177	
0.006242	0.005405	0.005499	0.018631	0.004299	
0.018965	0.014142	0.001128	0.0015	0.001612	
0.001611	0.001843	0.009127	0.010488	0.00638	
0.006779	0.006088	0.006719	0.007929	0.006627	
0.011186	0.007092	0.004077	0.011204	0.401	
1.336694	0.503	0.503	0.596	0.7	

0	0	0	0	1	
1	1	1	1	1	
1	1	1	1	1	
1	1	1	1	1	
1	1	1	1	1	
1	1	1	1	0	
1	0	0	0	0	

40  77  112
-32.04	-40.85	-46.77	-54.36	-57.460139	
-63.631287	-65.911654	-71.421686	-73.175189	-77.969014	
-79.347137	-83.628871	-84.875561	-88.772535	-87.895566	
-88.459028	-87.122032	-87.269322	-85.65994	-85.438846	
-82.942661	-81.286709	-77.620617	-76.377437	-73.165957	
-71.587707	-67.815334	-65.72406	-61.464734	-58.549987	
-54.379688	-51.353	-46.193	-42.886	-37.56	
-33.81	
0.4	0.4	0.3	0.3	0.094081	
0.011178	0.00643	0.005499	0.00643	0.003566	
0.004146	0.005403	0.003083	0.000118	0.000105	
0.000102	0.000457	0.000164	0.000869	0.000114	
0.000414	0.008451	0.010502	0.008149	0.008339	
0.008767	0.009232	0.009325	0.012118	0.433145	
1.12245	0.401	0.503	0.596	0.7	
0.7	
0	0	0	0	1	
1	1	1	1	1	
1	1	1	1	1	
1	1	1	1	1	
1	1	1	1	1	
1	1	1	1	1	
1	0	0	0	0	
0	
41  79  115
-31.65	-38.42	-46.36	-52.09	-57.556083	
-61.218717	-66.279676	-69.134054	-73.874486	-76.173586	
-80.625209	-82.661519	-86.638001	-86.453292	-87.212838	
-86.369062	-86.786258	-85.602816	-85.605776	-83.524598	
-82.335341	-79.797399	-78.891491	-76.304544	-75.028671	
-71.819012	-69.915551	-66.203357	-63.72381	-59.545765	
-56.689794	-52.309909	-48.875	-44.274	-40.511	
-35.387	-31.354	
0.5	0.4	0.4	0.3	0.150902	
0.013041	0.004099	0.005499	0.006802	0.05881	
0.023631	0.003317	0.002926	0.001785	0.001491	
0.001491	0.000508	0.000147	0.004249	0.005001	
0.012004	0.007986	0.003749	0.002545	0.003935	
0.002737	0.004028	0.004122	0.008023	0.008237	
0.25849	0.838345	0.298	0.298	0.401	
0.503	0.503	
0	0	0	0	1	
1	1	1	1	1	
1	1	1	1	1	
1	1	1	1	1	
1	1	1	1	1	
1	1	1	1	1	
1	1	0	0	0	
0	0	
42  81  118
-31.75	-40.37	-46.34	-54.17	-57.509753	
-64.110245	-66.884808	-72.686544	-75.014935	-80.172503	
-82.208821	-86.808576	-86.807069	-88.414065	-87.711858	
-88.794876	-87.544691	-88.115972	-85.970098	-86.193025	
-83.519949	-83.566061	-80.96067	-80.349968	-77.337141	
-76.134528	-72.55156	-70.755942	-66.665996	-64.542585	
-59.939761	-57.464	-52.49	-49.807	-44.749	
-41.5	-36.17	-32.63	
0.5	0.4	0.401	0.298	0.015835	
0.003726	0.002857	0.003819	0.003912	0.003463	
0.006238	0.000157	0.000181	0.000141	0.000123	
0.00012	0.000165	0.000174	0.000229	0.000302	
0.000309	0.008312	0.009232	0.008921	0.009065	
0.00914	0.009233	0.009233	0.011188	0.024223	
0.012578	0.196	0.3	0.298	0.401	
0.5	0.5	0.5	
0	0	0	0	1	
1	1	1	1	1	
1	1	1	1	1	
1	1	1	1	1	
1	1	1	1	1	
1	1	1	1	1	
1	0	0	0	0	
0	0	0	
43  83  121
-31.32	-37.7	-45.85	-51.57	-57.690044	
-61.681315	-67.394848	-70.724687	-75.986646	-78.925693	
-83.606106	-84.158317	-86.021341	-85.821634	-87.224424	
-86.432205	-87.327862	-86.020945	-86.344594	-84.572878	
-84.603867	-82.503444	-82.290088	-79.776223	-78.749914	
-75.922778	-74.282775	-71.03451	-69.024622	-65.258938	
-62.811541	-58.600288	-56.31999	-51.456	-48.382	
-43.79	-40.371	-35.518	-31.78	
0.5	0.4	0.4	0.3	0.004192	
0.149039	0.003819	0.001025	0.002363	0.003102	
0.001012	0.004071	0.00508	0.005146	0.004118	
0.00338	0.000908	0.001351	0.024004	0.009166	
0.00981	0.024888	0.035264	0.01225	0.008673	
0.008769	0.009669	0.009497	0.010581	0.005515	
0.003353	0.433145	0.789441	0.298	0.401	
0.401	0.503	0.503	0.5	
0	0	0	0	1	
1	1	1	1	1	
1	1	1	1	1	
1	1	1	1	1	
1	1	1	1	1	
1	1	1	1	1	
1	1	1	0	0	
0	0	0	0	
44  85  124
-30.95	-39.77	-45.52	-54.34	-58.26	
-64.883792	-68.239823	-74.301201	-77.216713	-82.583591	
-83.457745	-86.080372	-86.120552	-88.224858	-87.625381	
-89.227389	-87.958114	-89.106437	-87.267171	-88.09571	
-85.93449	-86.323223	-83.862512	-83.66135	-80.738401	
-80.072576	-76.785271	-75.630818	-71.868119	-70.221811	
-66.189734	-64.068909	-59.489865	-57.26	-52.564	
-50.012	-45.047	-42.15	-37.08	-33.96	

0.5	0.4	0.4	0.3	0.298	
0.00373	0.002221	0.002718	0.002065	0.003143	
0.009502	0.00017	0.002763	0.006463	0.000344	
0.000343	0.000415	0.000418	0.000443	0.002498	
0.002499	0.005391	0.008673	0.00868	0.008954	
0.008924	0.009682	0.009599	0.036875	0.00355	
0.088496	0.003726	0.433145	0.2	0.298	
0.401	0.401	0.5	0.5	0.6	

0	0	0	0	0	
1	1	1	1	1	
1	1	1	1	1	
1	1	1	1	1	
1	1	1	1	1	
1	1	1	1	1	
1	1	1	0	0	
0	0	0	0	0	

45  88  127
-36.86	-45.861	-51.7	-58.57	-62.999087	
-69.0118	-72.907613	-78.340606	-79.687718	-82.597552	
-83.175205	-85.5813	-85.591126	-87.412416	-86.783318	
-88.031708	-86.959348	-87.851243	-86.362627	-86.863703	
-85.031721	-84.999455	-82.828686	-82.304452	-79.731503	
-78.767536	-75.710625	-74.229831	-70.736122	-68.897373	
-64.88746	-62.822794	-58.815	-56.250128	-52.08	
-49.36	-44.89	-42	-37.3	-34.03	

0.4	0.361	0.3	0.298	0.004378	
0.002629	0.003379	0.003886	0.010001	0.035463	
0.011906	0.006697	0.018125	0.005841	0.00641	
0.002301	0.002303	0.002502	0.00539	0.012051	
0.013996	0.004039	0.017805	0.00685	0.044085	
0.00713	0.071561	0.007316	0.073832	0.008892	
0.024235	0.009315	0.196	0.619444	0.3	
0.4	0.4	0.5	0.5	0.6	

0	0	0	0	1	
1	1	1	1	1	
1	1	1	1	1	
1	1	1	1	1	
1	1	1	1	1	
1	1	1	1	1	
1	1	0	1	0	
0	0	0	0	0	

46  90  129
-39.71	-45.93	-54.58	-59.001	-66.102268	
-69.9659	-76.183406	-77.805843	-81.320975	-82.182651	
-85.212778	-85.432132	-87.903171	-87.457189	-89.395105	
-88.417888	-89.907527	-88.372639	-89.524206	-87.606476	
-88.330905	-85.985888	-86.321562	-83.591092	-83.490943	
-80.426386	-79.831635	-76.424477	-75.388746	-71.407902	
-70.28005	-66.182329	-64.616161	-60.429742	-58.39	
-54.12	-51.86	-47.18	-44.49	-37.61	

0.4	0.401	0.3	0.3	0.004287	
0.003031	0.004194	0.004844	0.004742	0.004981	
0.017638	0.004588	0.000554	0.00095	0.001336	
0.001138	0.001106	0.001201	0.001108	0.001114	
0.000612	0.000731	0.006544	0.006945	0.006945	
0.013546	0.007132	0.007252	0.002491	0.008245	
0.002291	0.003353	0.019561	0.789441	0.298	
0.4	0.4	0.5	0.5	0.6	

0	0	0	0	1	
1	1	1	1	1	
1	1	1	1	1	
1	1	1	1	1	
1	1	1	1	1	
1	1	1	1	1	
1	1	1	1	0	
0	0	0	0	0	

47  92  132
-37.13	-46.267	-52.41	-59.597	-64.511636	
-70.825843	-73.066415	-76.712473	-78.137959	-81.334374	
-82.246691	-84.802692	-85.116452	-87.070836	-86.942383	
-88.40667	-87.606763	-88.719426	-87.457302	-88.215447	
-86.583718	-87.026822	-84.9308	-84.982654	-82.542653	
-82.182014	-79.553792	-78.645765	-75.651502	-74.402821	
-71.106108	-69.548078	-66.200134	-64.519932	-60.68	
-58.44	-54.62	-51.98	-45.697	-40.38	
-33.79	
0.5	0.401	0.4	0.298	0.090084	
0.110107	0.032907	0.006265	0.005	0.004838	
0.008171	0.004099	0.004217	0.004544	0.003016	
0.002382	0.002388	0.001287	0.001286	0.001459	
0.002422	0.016643	0.004564	0.018268	0.00326	
0.013572	0.002515	0.014703	0.004471	0.012109	
0.038191	0.030739	0.251503	0.433145	0.2	
0.2	0.3	0.4	0.5	0.5	
0.5	
0	0	0	0	1	
1	1	1	1	1	
1	1	1	1	1	
1	1	1	1	1	
1	1	1	1	1	
1	1	1	1	1	
1	1	1	1	0	
0	0	0	0	0	
0	
48  94  134
-40.14	-46.631	-55.573	-60.454	-67.636415	
-69.931123	-74.194596	-75.836456	-79.659691	-80.651616	
-83.96838	-84.333839	-87.132138	-86.990261	-89.252414	
-88.504321	-90.347969	-89.252247	-90.574859	-89.043284	
-90.014932	-88.084479	-88.71248	-86.418389	-86.701641	
-83.977068	-83.957354	-81.073826	-80.612374	-77.414181	
-76.701672	-73.348095	-72.256802	-68.747402	-67.24189	
-63.058046	-61.117589	-55.218965	-50.263	-43.92	
-38.92	
0.5	0.401	0.401	0.298	0.051797	
0.001584	0.001677	0.00149	0.001662	0.001811	
0.001673	0.001392	0.001104	0.001665	0.001123	
0.001536	0.00038	0.000357	0.00025	0.000244	
0.000276	0.000651	0.00016	0.001013	0.020001	
0.037695	0.003726	0.001942	0.002299	0.002696	
0.002995	0.002885	0.002476	0.012109	0.007244	
0.016767	0.022356	0.102464	0.196	0.298	
0.4	
0	0	0	0	1	
1	1	1	1	1	
1	1	1	1	1	
1	1	1	1	1	
1	1	1	1	1	
1	1	1	1	1	
1	1	1	1	1	
1	1	1	0	0	
0	
49  96  137
-37.89	-47.189	-53.896	-61.376	-64.312972	
-68.614	-70.694884	-74.632591	-76.182665	-79.640572	
-80.608134	-83.564261	-84.119819	-86.489511	-86.469969	
-88.392043	-87.990131	-89.367117	-88.569801	-89.536346	
-88.249749	-88.943042	-87.228211	-87.699281	-85.728369	
-85.835974	-83.572741	-83.430353	-80.870201	-80.476805	
-77.772908	-76.896184	-74.145941	-72.83772	-69.883206	
-68.02503	-62.411542	-57.464	-51.661	-46.528	
-40.51	-35.04	
0.5	0.401	0.298	0.298	0.182519	
0.196	0.004573	0.009625	0.005775	0.010246	
0.012226	0.011125	0.008641	0.003969	0.011553	
0.003424	0.004251	0.000188	0.000301	1.2e-05	
0.00022	0.004881	0.007752	0.007307	0.04001	
0.027414	0.050057	0.019827	0.030572	0.027023	
0.026921	0.021157	0.153479	0.002693	0.038046	
0.002701	0.060033	0.196	0.298	0.401	
0.4	0.5	
0	0	0	0	1	
0	1	1	1	1	
1	1	1	1	1	
1	1	1	1	1	
1	1	1	1	1	
1	1	1	1	1	
1	1	1	1	1	
1	1	0	0	0	
0	0	
50  99  139
-47.944	-57.282972	-60.305626	-64.934884	-66.972591	
-71.627047	-73.337992	-77.353687	-78.512228	-82.069938	
-82.630184	-85.841983	-85.938587	-88.655056	-88.328132	
-90.559723	-90.033835	-91.52597	-90.397751	-91.652853	
-90.065022	-91.098369	-89.197265	-89.941333	-87.816181	
-88.234193	-85.896376	-86.01524	-83.470803	-83.362008	
-80.590903	-80.132206	-77.264571	-76.546542	-70.87388	
-66.433748	-60.632244	-55.899	-49.788	-44.861	
-38.44	
0.503	0.301518	0.300005	0.100105	0.070659	
0.005745	0.003971	0.005091	0.00531	0.005382	
0.007949	0.013777	0.005336	0.000294	0.001575	
2.9e-05	1.5e-05	9.6e-05	0.000483	0.000499	
0.000725	0.000896	0.000955	0.002395	0.002416	
0.001014	0.001033	0.010447	0.010057	0.01766	
0.017277	0.001873	0.003621	0.001976	0.001904	
0.003167	0.003074	0.298	0.401	0.503	
0.5	
0	1	1	1	1	
1	1	1	1	1	
1	1	1	1	1	
1	1	1	1	1	
1	1	1	1	1	
1	1	1	1	1	
1	1	1	1	1	
1	1	0	0	0	
0	
51  103  141
-56.178	-59.17362	-64.015482	-66.473292	-70.653239	
-72.445331	-76.250977	-77.449734	-80.836736	-81.598965	
-84.416968	-84.496574	-87.003403	-86.82215	-88.639539	
-87.996213	-89.47418	-88.417761	-89.600321	-88.33537	
-89.224069	-87.620248	-88.256274	-86.39324	-86.699477	
-84.630286	-84.629307	-82.285676	-81.981401	-79.635271	
-78.923503	-74.020542	-69.690323	-64.50688	-60.060384	
-54.220403	-49.788	-43.939	-39.11	
0.298	0.122444	0.021827	0.007452	0.004148	
0.005496	0.005265	0.005962	0.008849	0.017829	
0.017193	0.021838	0.016025	0.00516	0.008437	
0.003016	0.007701	0.007196	0.002582	0.002578	
0.001506	0.001507	0.002599	0.031767	0.005126	
0.019119	0.021231	0.014212	0.002084	0.002467	
0.003128	0.001705	0.00264	0.00583	0.052164	
1.064232	0.401	0.596	0.5	
0	1	1	1	1	
1	1	1	1	1	
1	1	1	1	1	
1	1	1	1	1	
1	1	1	1	1	
1	1	1	1	1	
1	1	1	1	1	
1	0	0	0	
52  105  143
-52.81151	-58.219748	-60.539326	-65.781667	-67.71539	
-72.229811	-73.587477	-77.567508	-78.347029	-81.888569	
-82.062759	-85.268961	-85.095411	-87.696584	-87.18118	
-89.367987	-88.545502	-90.31446	-89.172156	-90.525321	
-89.022974	-90.065348	-88.281678	-88.993716	-87.004807	
-87.352949	-85.211012	-85.188186	-82.937122	-82.533741	
-77.72878	-74.425269	-69.303753	-65.695985	-60.205072	
-56.576228	-50.487	-46.37	-40.278	
0.30002	0.100541	0.07083	0.005411	0.004382	
0.006575	0.006427	0.008383	0.027945	0.027945	
0.027945	0.027945	0.013456	0.018481	0.007957	
0.003085	0.02585	0.001507	0.001505	0.001502	
0.001502	0.001504	0.001514	0.000866	0.000869	
1.1e-05	6.1e-05	0.003486	0.002066	0.002746	
0.001722	0.002281	0.0021	0.003787	0.00354	
0.06241	0.401	0.503	0.503	
1	1	1	1	1	
1	1	1	1	1	
1	1	1	1	1	
1	1	1	1	1	
1	1	1	1	1	
1	1	1	1	1	
1	1	1	1	1	
1	0	0	0	
53  107  145
-49.43	-52.649605	-57.672496	-60.464176	-64.953785	
-67.06333	-71.119507	-72.796	-76.337797	-77.492236	
-80.436077	-80.971048	-83.76553	-83.752987	-86.251449	
-86.08046	-87.943727	-87.365734	-88.837204	-87.911318	
-88.983909	-87.738724	-88.507125	-86.936138	-87.44271	
-85.70349	-85.85826	-84.043429	-83.779145	-79.545214	
-76.356258	-71.9799	-68.470954	-63.606213	-59.926657	
-54.769984	-50.63	-45.28	-40.939	
0.3	0.13226	0.006729	0.050552	0.004754	
0.010246	0.008011	0.149	0.028876	0.096592	
0.026196	0.01976	0.027945	0.015314	0.005356	
0.005222	0.00374	0.00239	0.001504	0.003809	
0.003647	0.003647	0.003168	0.003168	0.000605	
0.004065	0.006427	0.004857	0.002061	0.014188	
0.008383	0.005962	0.004005	0.012109	0.015835	
0.374461	0.2	0.401	0.503	
0	1	1	1	1	
1	1	0	1	1	
1	1	1	1	1	
1	1	1	1	1	
1	1	1	1	1	
1	1	1	1	1	
1	1	1	1	1	
1	0	0	0	
54  109  148
-46.169548	-51.922625	-54.395534	-60.026338	-62.203618	
-67.08589	-68.656748	-73.046724	-74.185337	-78.079057	
-78.794413	-82.172423	-82.480986	-85.354977	-85.248701	
-87.661421	-87.193381	-89.146962	-88.32156	-89.860298	
-88.69605896	-89.880463	-88.413558	-89.27896179	-87.643571	
-88.125822	-86.413151	-86.429159	-82.383404	-79.972233	
-75.644576	-72.986451	-68.197299	-65.229639	-60.202873	
-56.872293	-51.493329	-47.954943	-42.36	-38.6	

0.300108	0.100988	0.0867	0.008283	0.00684	
0.011178	0.012109	0.013041	0.010378	0.010378	
0.010378	0.011817	0.010243	0.011111	0.009537	
0.001793	0.001836	0.0035	0.00411	0.001061	
5.37e-06	9e-06	9e-06	5.15e-06	0.0024	
9e-06	0.00372	7e-06	0.000103	0.002804	
0.002142	0.002329	0.002888	0.002701	0.004657	
0.00531	0.011178	0.024219	0.2	0.3	

1	1	1	1	1	
1	1	1	1	1	
1	1	1	1	1	
1	1	1	1	1	
1	1	1	1	1	
1	1	1	1	1	
1	1	1	1	1	
1	1	1	0	0	

55  111  152
-42.821	-46.290277	-51.76453	-54.682261	-59.699	
-62.043	-66.493092	-68.409367	-72.305051	-73.888639	
-77.102331	-78.144759	-81.043646	-81.731334	-84.08795	
-84.350829	-86.240154	-85.931581	-87.499246	-86.899743	
-88.058786	-87.152681	-88.070931	-86.891154	-87.581643	
-86.338697	-86.545606	-82.886937	-80.700921	-77.050105	
-74.477523	-70.51455	-67.675509	-63.271353	-60.054415	
-55.310372	-51.920064	-46.910942	-43.25	-38.17	
-34.23	-28.93	
0.196	0.086796	0.008577	0.071102	0.102	
0.1	0.06241	0.012753	0.01394	0.00997	
0.01429	0.033687	0.012109	0.008304	0.007744	
0.010401	0.005578	0.005443	0.004555	0.008357	
0.004974	0.001036	8e-06	1.6e-05	0.000992	
0.001882	0.000358	0.009159	0.00314	0.008201	
0.009195	0.007067	0.007573	0.020132	0.009067	
0.002893	0.008383	0.013041	0.4	0.4	
0.5	0.5	
0	1	1	1	0	
0	1	1	1	1	
1	1	1	1	1	
1	1	1	1	1	
1	1	1	1	1	
1	1	1	1	1	
1	1	1	1	1	
1	1	1	0	0	
0	0	
56  113  154
-39.784	-45.905426	-49.02	-54.58	-57.457753	
-62.354	-64.590086	-68.888639	-70.744837	-74.608944	
-75.654953	-79.089775	-79.668965	-82.669902	-82.817944	
-85.378497	-85.063198	-87.261544	-86.683731	-88.435017	
-87.553613	-88.949853	-87.850498	-88.886921	-87.721235	
-88.261638	-84.913751	-83.269354	-79.732626	-77.842264	
-73.937197	-71.767121	-67.516176	-64.947086	-60.264029	
-57.593735	-53.120309	-49.9	-44.94	-41.71	
-36.47	-32.82	
0.298	0.102676	0.2	0.2	0.25034	
0.196	0.200269	0.300166	0.141898	0.027945	
0.012109	0.012497	0.010992	0.012497	0.011357	
0.005195	0.010577	0.002553	0.002569	0.001054	
0.000992	0.000304	0.000306	0.000306	0.000314	
0.000317	0.000319	0.007933	0.005319	0.00592	
0.006756	0.007136	0.008477	0.020863	0.019748	
0.063079	0.437802	0.3	0.4	0.4	
0.4	0.5	
0	1	0	0	1	
0	1	1	1	1	
1	1	1	1	1	
1	1	1	1	1	
1	1	1	1	1	
1	1	1	1	1	
1	1	1	1	1	
1	1	0	0	0	
0	0	
57  116  156
-40.645	-46.471	-49.56	-54.79	-57.57	
-62.19	-64.543	-68.651	-70.25861	-73.759484	
-74.973468	-77.896108	-78.625431	-81.324573	-81.627366	
-83.769256	-83.72365	-85.494383	-85.21865	-86.643317	
-86.037479	-87.140688	-86.51918	-87.226212	-84.315871	
-82.931636	-80.024227	-78.171515	-74.849652	-72.835317	
-69.050283	-66.67839	-62.708735	-60.219913	-56.129966	
-53.310333	-49.29	-46.06	-41.53	-37.93	
-33.05	
0.312	0.2	0.3	0.3	0.3	
0.3	0.298	0.196	0.056669	0.025997	
0.090508	0.026	0.054448	0.021351	0.025946	
0.027945	0.036359	0.027945	0.01993	0.009434	
0.053171	0.001659	0.003188	0.002009	0.002009	
0.004219	0.006309	0.00733	0.012937	0.012269	
0.033616	0.010712	0.019468	0.200262	0.435473	
0.435473	0.3	0.3	0.3	0.4	
0.4	
0	0	0	0	0	
0	0	0	1	1	
1	1	1	1	1	
1	1	1	1	1	
1	1	1	1	1	
1	1	1	1	1	
1	1	1	1	1	
1	0	0	0	0	
0	
58  119  158
-43.94	-49.6	-52.69	-57.874	-60.286	
-64.916	-66.658	-70.820558	-71.979336	-75.533917	
-76.287496	-79.422905	-79.70844	-82.470896	-82.418214	
-84.832889	-84.616171	-86.508372	-85.918588	-87.570922	
-86.947862	-88.076089	-85.432916	-84.533188	-81.606671	
-80.43187	-77.067022	-75.635389	-72.013891	-70.398408	
-66.669913	-64.846854	-61.225052	-58.98	-54.91	
-52.22	-47.78	-44.82	-39.93	-36.66	

0.5	0.5	0.401	0.401	0.298	
0.298	0.196	0.027945	0.028876	0.027945	
0.027945	0.027945	0.032802	0.020442	0.016354	
0.020387	0.010267	0.000408	0.000437	0.004931	
0.00723	0.001596	0.001597	0.002509	0.002508	
0.002885	0.033902	0.016306	0.00858	0.011195	
0.010246	0.011697	0.017698	0.2	0.2	
0.2	0.3	0.3	0.4	0.4	

0	0	0	0	0	
0	0	1	1	1	
1	1	1	1	1	
1	1	1	1	1	
1	1	1	1	1	
1	1	1	1	1	
1	1	1	0	0	
0	0	0	0	0	

59  121  160
-41.422	-44.78	-50.23	-53.151	-57.94	
-60.324	-64.543	-66.330757	-69.773558	-71.175457	
-74.300656	-75.227456	-77.937581	-78.527991	-80.935861	
-81.340355	-83.201693	-83.133922	-84.818798	-84.688089	
-86.015644	-83.787476	-83.068246	-80.750517	-79.62594	
-76.681006	-75.444067	-72.535424	-71.039366	-68.300479	
-66.77963	-63.758063	-61.568463	-58.104976	-55.415268	
-51.568	-48.54	-44.33	-41.088	-36.52	

0.5	0.5	0.4	0.401	0.3	
0.196	0.196	0.029808	0.029808	0.064273	
0.046995	0.028876	0.012497	0.020316	0.011817	
0.011455	0.008137	0.01115	0.007809	0.006209	
0.001665	0.001665	0.001897	0.002762	0.007169	
0.034816	0.015857	0.015043	0.009874	0.009015	
0.011651	0.018537	0.011882	0.113009	0.017198	
0.2	0.3	0.3	0.4	0.4	

0	0	0	0	0	
0	0	1	1	1	
1	1	1	1	1	
1	1	1	1	1	
1	1	1	1	1	
1	1	1	1	1	
1	1	1	1	1	
0	0	0	0	0	

60  124  162
-44.525	-47.599	-52.993	-55.536	-60.314	
-62.315	-66.596232	-67.768033	-71.425807	-72.332372	
-75.646432	-76.213609	-79.199287	-79.584567	-82.01831	
-82.013942	-84.258912	-84.19263	-85.94998	-84.002234	
-83.747957	-81.431951	-80.925867	-78.146748	-77.407996	
-74.375466	-73.679755	-70.942988	-70.149407	-67.330297	
-65.824976	-62.283724	-60.473644	-56.461543	-54.055	
-49.807	-47.134	-42.588	-39.55	
0.503	0.401	0.298	0.298	0.196	
0.202	0.027945	0.027517	0.024205	0.046575	
0.011817	0.019128	0.011817	0.011737	0.011601	
0.0276	0.003447	0.003265	0.001368	0.001367	
0.001367	0.001384	0.001386	0.001388	0.002127	
0.002128	0.001289	0.001293	0.024485	0.002747	
0.052642	0.009153	0.200033	0.024918	0.2	
0.3	0.3	0.4	0.4	
0	0	0	0	0	
0	1	1	1	1	
1	1	1	1	1	
1	1	1	1	1	
1	1	1	1	1	
1	1	1	1	1	
1	1	1	1	0	
0	0	0	0	
61  126  164
-39.35	-44.786	-47.786	-52.881	-55.396	
-59.66	-61.628	-65.407646	-66.738751	-70.052075	
-71.169915	-74.072848	-74.940483	-77.500481	-78.213712	
-80.522921	-81.142044	-82.960651	-81.416093	-81.267474	
-79.454309	-79.04226	-76.865716	-76.064256	-73.597139	
-73.386063	-71.254186	-70.647824	-68.511976	-66.939931	
-64.163644	-62.297043	-59.089209	-56.55428	-53.002	
-50.235	-46.37	-43.249	-38.87	
0.5	0.401	0.298	0.298	0.196	
0.2	0.149	0.050301	0.057753	0.075451	
0.069073	0.013041	0.027739	0.013593	0.024246	
0.013972	0.023597	0.002996	0.002964	0.002859	
0.004308	0.001399	0.005723	0.002267	0.020041	
0.004653	0.025912	0.009066	0.046326	0.004718	
0.003631	0.007006	0.013453	0.010039	0.2	
0.298	0.3	0.4	0.4	
0	0	0	0	0	
0	0	1	1	1	
1	1	1	1	1	
1	1	1	1	1	
1	1	1	1	1	
1	1	1	1	1	
1	1	1	1	0	
0	0	0	0	
62  128  166
-38.67	-42	-47.506	-50.133	-55.079	
-57.231	-61.376	-62.857215	-66.81089	-68.026525	
-71.497762	-72.380219	-75.455935	-75.933909	-78.98647	
-79.517152	-81.965535	-80.651318	-80.996309	-79.266354	
-79.336264	-77.135737	-77.051139	-74.576279	-74.762603	
-72.559686	-72.455176	-70.190819	-69.36043	-66.677577	
-65.250243	-62.207775	-60.234793	-56.671962	-54.53	
-50.72	-48.102	-43.808	-40.73	
0.5	0.5	0.401	0.401	0.298	
0.298	0.196	0.154628	0.012497	0.042395	
0.011817	0.010884	0.012497	0.008539	0.003079	
0.002804	0.001554	0.001578	0.003092	0.001372	
0.001367	0.001311	0.001274	0.001273	0.001212	
0.001219	0.001462	0.001487	0.008546	0.004433	
0.004892	0.005934	0.005934	0.006817	0.196	
0.298	0.298	0.401	0.4	
0	0	0	0	0	
0	0	1	1	1	
1	1	1	1	1	
1	1	1	1	1	
1	1	1	1	1	
1	1	1	1	1	
1	1	1	1	0	
0	0	0	0	
63  130  168
-33.683	-39.27	-42.2	-47.236	-49.928	
-54.148	-56.244	-60.145895	-61.749669	-65.398042	
-66.985935	-69.925629	-71.31347	-74.2413	-75.619133	
-77.991507	-77.117541	-77.544756	-76.299331	-76.441112	
-74.792234	-74.652854	-72.888255	-73.367222	-71.738121	
-71.818092	-70.082548	-69.458908	-67.255188	-66.043285	
-63.480463	-61.791524	-58.703401	-56.484886	-53.381	
-50.724	-47.208	-44.01	-39.74	
0.5	0.401	0.4	0.298	0.298	
0.196	0.196	0.004378	0.027945	0.013151	
0.051538	0.012639	0.030158	0.010986	0.010789	
0.003106	0.006026	0.00263	0.010013	0.003951	
0.006253	0.001325	0.001326	0.00133	0.001346	
0.001401	0.00359	0.004259	0.010255	0.004325	
0.009501	0.010399	0.035229	0.065544	0.114	
0.138	0.358	0.4	0.5	
0	0	0	0	0	
0	0	1	1	1	
1	1	1	1	1	
1	1	1	1	1	
1	1	1	1	1	
1	1	1	1	1	
1	1	1	1	0	
0	0	0	0	
64  133  170
-35.86	-41.302	-44.39	-49.09	-51.214	
-55.8	-57.632	-61.782271	-63.224224	-66.959515	
-68.2313	-71.759504	-72.92632	-76.085783	-75.356945	
-76.269329	-75.127011	-75.763934	-74.188737	-74.706916	
-72.882551	-73.705954	-72.06988	-72.534914	-70.823473	
-70.689546	-68.561436	-67.941741	-65.505824	-64.280401	
-61.313886	-59.774	-56.453	-54.53	-50.813	
-48.363	-44.153	-41.38	
0.5	0.401	0.4	0.298	0.298	
0.196	0.196	0.027945	0.01976	0.027945	
0.200301	0.027945	0.019709	0.004108	0.001965	
0.001554	0.00336	0.006076	0.003056	0.001206	
0.001203	0.001197	0.001191	0.00119	0.001189	
0.001189	0.001192	0.001278	0.001622	0.004009	
0.008426	0.102	0.121	0.196	0.298	
0.401	0.503	0.596	
0	0	0	0	0	
0	0	1	1	1	
1	1	1	1	1	
1	1	1	1	1	
1	1	1	1	1	
1	1	1	1	1	
1	0	0	0	0	
0	0	0	
65  135  172
-32.825	-36.13	-40.967	-43.668	-48.13	
-50.482271	-54.540837	-56.559515	-60.419183	-62.368181	
-66.388411	-67.76361	-70.742665	-70.537082	-71.488669	
-71.105721	-71.623504	-70.716916	-71.313338	-70.156303	
-71.25005	-70.090797	-70.76343	-69.470668	-69.532363	
-67.836257	-67.461589	-65.675958	-64.596071	-62.077965	
-60.566	-57.884789	-55.927	-52.723	-50.329	
-46.724	-44.032	-39.85	
0.401	0.5	0.401	0.298	0.298	
0.800488	0.105259	0.700558	0.051232	0.027945	
0.109174	0.044862	0.0081	0.012464	0.003667	
0.007384	0.004137	0.040018	0.003995	0.045314	
0.009849	0.003814	0.001222	0.001401	0.001256	
0.001262	0.00135	0.036372	0.004073	0.100003	
0.102	0.070005	0.196	0.298	0.298	
0.401	0.503	0.503	
0	0	0	0	0	
1	1	1	1	1	
1	1	1	1	1	
1	1	1	1	1	
1	1	1	1	1	
1	1	1	1	1	
0	1	0	0	0	
0	0	0	
66  138  174
-34.931	-37.642	-42.83	-45.382	-50.12	
-52.168941	-56.570083	-58.242599	-62.554918	-64.196038	
-67.85955	-67.695909	-69.3096	-68.752405	-70.117873	
-69.142943	-70.393907	-69.15555	-70.528964	-69.424558	
-70.407349	-69.167134	-69.67273	-68.055801	-68.181478	
-66.38117	-65.967965	-63.612606	-62.584789	-59.930626	
-58.559566	-55.597177	-53.663	-50.189	-48.009	
-43.939	-41.37	
0.503	0.503	0.401	0.298	0.729	
0.013041	0.007173	0.00652	0.006695	0.008849	
0.008724	0.009221	0.004348	0.003293	0.004624	
0.004048	0.007445	0.009665	0.001194	0.005177	
0.002365	0.001528	0.000772	0.000768	0.000767	
0.000765	0.000767	0.000769	0.000867	0.060228	
0.140009	0.30067	0.196	0.298	0.298	
0.401	0.503	
0	0	0	0	0	
1	1	1	1	1	
1	1	1	1	1	
1	1	1	1	1	
1	1	1	1	1	
1	1	1	1	1	
1	1	0	0	0	
0	0	
67  140  176
-29.259	-34.364	-37.25	-42.048	-44.609513	
-49.120105	-51.238219	-55.757092	-57.991158	-61.646578	
-61.945881	-63.622738	-63.604771	-65.012103	-64.639311	
-66.039539	-65.478964	-66.832832	-66.187593	-67.329534	
-66.38273	-67.19727	-66.041541	-66.378335	-64.981503	
-64.899006	-63.071329	-62.280626	-60.061171	-58.797177	
-56.238681	-54.518956	-51.484	-49.351	-45.69	
-43.203	-39.29	
0.503	0.401	0.401	0.298	0.008477	
0.007452	0.006587	0.005001	0.083834	0.01199	
0.014168	0.008302	0.012529	0.005094	0.008228	
0.017474	0.060012	0.023469	0.027108	0.003088	
0.01502	0.002242	0.003166	0.000765	0.001528	
0.00101	0.00101	0.005234	0.030023	0.02006	
0.050024	0.600002	0.196	0.298	0.298	
0.401	0.503	
0	0	0	0	1	
1	1	1	1	1	
1	1	1	1	1	
1	1	1	1	1	
1	1	1	1	1	
1	1	1	1	1	
1	1	0	0	0	
0	0	
68  142  178
-28.03	-31.26	-36.608	-39.24	-44.322012	
-46.607807	-51.478989	-53.741615	-57.831313	-58.266284	
-60.500377	-60.468604	-62.60502	-62.209189	-64.211709	
-63.413639	-65.303808	-64.561034	-66.064228	-65.201608	
-66.334519	-65.167723	-65.94289	-64.52161	-64.926042	
-63.29118	-62.991171	-60.923104	-60.108681	-57.718956	
-56.483612	-53.654	-51.949	-48.652	-46.631	
-42.858	-40.26	
0.5	0.4	0.196	0.2	0.006705	
0.038191	0.010246	0.027945	0.017195	0.01647	
0.00883	0.009321	0.004986	0.006098	0.024629	
0.026505	0.025219	0.003679	0.024254	0.00878	
0.000822	0.004639	0.000775	0.000964	0.001165	
0.001166	0.001168	0.001179	0.001546	0.001557	
0.004008	0.196	0.298	0.401	0.401	
0.503	0.596	
0	0	0	0	1	
1	1	1	1	1	
1	1	1	1	1	
1	1	1	1	1	
1	1	1	1	1	
1	1	1	1	1	
1	0	0	0	0	
0	0	
69  144  181
-22.259	-27.583	-31.055	-35.9744	-38.765027	
-43.883	-46.491	-50.772756	-51.720273	-53.973329	
-54.427131	-56.625913	-56.83455	-58.709273	-58.703194	
-60.570398	-60.302028	-61.898708	-61.477791	-62.728723	
-61.904035	-62.929621	-61.888375	-62.543641	-61.312921	
-61.275212	-59.795853	-59.210298	-57.374379	-56.256059	
-53.864512	-52.310549	-49.371314	-47.469	-44.116	
-41.601	-37.92	-35.17	
0.4	0.196	0.2	0.006839	0.010246	
0.196	0.196	0.019416	0.054027	0.011983	
0.014412	0.009925	0.014279	0.027945	0.025219	
0.027945	0.034262	0.027945	0.02606	0.005524	
0.024394	0.001671	0.011606	0.001298	0.001709	
0.000812	0.000801	0.000972	0.005503	0.0044	
0.044721	0.05	0.1	0.298	0.401	
0.503	0.503	0.596	
0	0	0	1	1	
0	0	1	1	1	
1	1	1	1	1	
1	1	1	1	1	
1	1	1	1	1	
1	1	1	1	1	
1	1	1	0	0	
0	0	0	
70  148  185
-30.33	-33.198	-38.638	-41.542342	-46.270381	
-47.208	-49.932083	-50.502608	-53.265721	-53.421898	
-56.010237	-55.838606	-58.162706	-57.8394	-59.826347	
-59.299094	-61.017418	-60.295382	-61.59574	-60.590576	
-61.581901	-60.377563	-60.763919	-59.30681	-59.255446	
-57.551225	-56.944512	-54.695549	-53.491314	-50.986397	
-49.695475	-46.537	-44.6	-41.088	-38.82	
-35.1	-32.54	-28.5	
0.4	0.3	0.3	0.300492	0.149708	
0.196	0.017281	0.0166	0.009308	0.01092	
0.007994	0.017794	0.007233	0.015354	0.015359	
0.015364	0.015369	0.026539	0.007101	0.003981	
0.001195	0.001205	1e-05	1.3e-05	1.4e-05	
1.1e-05	1.1e-05	7.1e-05	1.5e-05	0.00022	
0.01	0.196	0.298	0.298	0.401	
0.401	0.503	0.503	
0	0	0	1	1	
0	1	1	1	1	
1	1	1	1	1	
1	1	1	1	1	
1	1	1	1	1	
1	1	1	1	1	
1	0	0	0	0	
0	0	0	
71  150  188
-24.64	-30.108	-33.422	-38.372844	-39.715	
-42.545047	-43.699544	-46.440523	-47.21219	-49.708604	
-50.269937	-52.562344	-52.831753	-54.791409	-54.64237	
-56.442242	-56.020981	-57.501125	-57.06785	-58.084563	
-57.306224	-57.828395	-56.73598	-56.880916	-55.570195	
-55.165582	-53.382236	-52.383806	-50.337784	-49.058918	
-46.676348	-44.79741	-41.88	-39.71611	-36.412	
-33.888	-30.21	-27.58	-23.79	
0.3	0.3	0.196	0.150034	0.196	
0.019246	0.054122	0.012078	0.015125	0.037663	
0.056821	0.027945	0.075036	0.027945	0.027945	
0.026539	0.029808	0.031671	0.039266	0.003233	
0.016843	0.001862	0.002336	0.001567	0.001567	
0.001207	0.001212	0.00122	0.002251	0.00515	
0.070725	0.125752	0.196	0.080108	0.298	
0.298	0.401	0.401	0.503	
0	0	0	1	0	
1	1	1	1	1	
1	1	1	1	1	
1	1	1	1	1	
1	1	1	1	1	
1	1	1	1	1	
1	1	0	1	0	
0	0	0	0	
72  153  190
-27.3	-32.67	-34.17	-37.816896	-38.903	
-42.10239	-42.8526	-45.938943	-46.314672	-49.169008	
-49.263682	-51.818505	-51.635507	-53.858983	-53.467756	
-55.360552	-54.716889	-56.253854	-55.431345	-56.402226	
-55.411784	-55.844481	-54.481662	-54.576321	-52.880616	
-52.435236	-50.462907	-49.779348	-47.402831	-46.049508	
-43.282796	-41.499373	-38.3198	-36.42421	-32.817	
-30.879	-27.162	-25.03	
0.3	0.3	0.298	0.149757	0.196	
0.017494	0.016813	0.009541	0.022551	0.008968	
0.024778	0.01582	0.027945	0.027945	0.027945	
0.027945	0.027945	0.027945	0.028876	0.024428	
0.027945	0.002259	0.002282	0.001481	0.001408	
0.001412	0.001413	0.001419	0.00142	0.006165	
0.030034	0.039706	0.064273	0.051232	0.298	
0.298	0.298	0.401	
0	0	0	1	0	
1	1	1	1	1	
1	1	1	1	1	
1	1	1	1	1	
1	1	1	1	1	
1	1	1	1	1	
1	1	1	1	0	
0	0	0	
73  155  194
-23.928	-25.861	-29.59333	-31.167	-34.439148	
-35.823695	-38.778997	-39.780194	-42.534629	-43.2828	
-45.847853	-46.097775	-48.351059	-48.393908	-50.29043	
-50.137665	-51.720273	-51.329977	-52.396538	-51.740766	
-52.408647	-51.365374	-51.714616	-50.598	-50.357323	
-48.932877	-48.438311	-46.429934	-45.292796	-42.839373	
-41.394293	-38.607528	-36.895546	-33.61203	-31.829	
-28.513	-26.492	-23.064	-20.87	-17.3	

0.3	0.298	0.150069	0.196	0.019689	
0.054316	0.024382	0.052238	0.038061	0.027945	
0.013863	0.027945	0.027945	0.027945	0.027945	
0.027945	0.027945	0.027945	0.027945	0.027945	
0.027945	0.030739	0.003314	0.052	0.001463	
0.001939	0.001403	0.001405	0.001419	0.02601	
0.014161	0.060012	0.05589	0.054958	0.196	
0.196	0.298	0.401	0.401	0.503	

0	0	1	0	1	
1	1	1	1	1	
1	1	1	1	1	
1	1	1	1	1	
1	1	1	0	1	
1	1	1	1	1	
1	1	1	1	0	
0	0	0	0	0	

74  157  197
-19.47	-23.633	-25.295	-29.326455	-30.555	
-33.999207	-34.908193	-38.235759	-38.861022	-41.888031	
-42.098058	-44.893109	-44.917873	-47.290832	-47.08609	
-49.097186	-48.727383	-50.227088	-49.632795	-50.641603	
-49.701726	-50.406936	-49.295127	-49.636115	-48.233818	
-48.24606	-46.36558	-45.705373	-43.387793	-42.508528	
-39.90397	-38.667811	-35.617536	-34.382313	-31.176173	
-29.649	-26.287	-24.526	-21.01	-18.88	
-15.14	
0.4	0.3	0.298	0.149827	0.196	
0.017658	0.052751	0.009674	0.024977	0.009478	
0.018261	0.013271	0.015436	0.013195	0.027945	
0.027945	0.027945	0.027945	0.027945	0.027945	
0.027945	0.015199	0.014573	0.001436	0.001445	
0.000738	0.000737	0.000731	0.000733	0.001212	
0.001212	0.003089	0.040054	0.039726	0.041917	
0.196	0.196	0.298	0.298	0.401	
0.401	
0	0	0	1	0	
1	1	1	1	1	
1	1	1	1	1	
1	1	1	1	1	
1	1	1	1	1	
1	1	1	1	1	
1	1	1	1	1	
0	0	0	0	0	
0	
75  159  199
-14.745	-16.739	-20.840203	-22.501	-26.002244	
-27.472436	-30.659776	-31.893478	-34.831	-35.794885	
-38.409232	-38.913193	-41.25028	-41.537106	-43.553865	
-43.673096	-45.288307	-45.062885	-46.26917	-45.653453	
-46.58428	-45.837359	-46.517391	-45.44606	-45.80958	
-44.219634	-43.819027	-41.927086	-41.216478	-39.016811	
-37.979043	-35.63583	-34.350296	-31.588825	-30.231638	
-27.237	-25.579	-22.542	-20.502	-17.139	
-14.86	
0.305	0.298	0.149922	0.196	0.018534	
0.054555	0.023594	0.07231	0.04	0.030821	
0.011374	0.023109	0.027945	0.038995	0.027945	
0.027945	0.027945	0.027945	0.027945	0.027945	
0.024639	0.021392	0.012549	0.101983	0.008034	
0.004275	0.000818	0.000826	0.000736	0.000738	
0.008191	0.070852	0.010265	0.070794	0.039123	
0.196	0.298	0.298	0.298	0.401	
0.401	
0	0	1	0	1	
1	1	1	0	1	
1	1	1	1	1	
1	1	1	1	1	
1	1	1	1	1	
1	1	1	1	1	
1	1	1	1	1	
0	0	0	0	0	
0	
76  161  203
-9.979	-14.44	-16.192	-20.422106	-21.795	
-25.431517	-26.501993	-29.995213	-30.722691	-33.926247	
-34.301942	-37.243842	-37.438257	-39.995416	-40.105376	
-42.09794	-41.956462	-43.54427	-43.019495	-44.35781	
-43.549963	-44.609104	-43.664043	-44.252533	-42.80588	
-42.999943	-41.218945	-41.137233	-38.986745	-38.707771	
-36.395185	-35.882191	-33.394289	-32.435108	-29.511593	
-28.277105	-25.309	-23.837	-20.484	-18.779	
-15.239	-13.087	-7.64	
0.4	0.3	0.298	0.149919	0.196	
0.017966	0.072682	0.009904	0.025167	0.009773	
0.017823	0.012782	0.014959	0.010254	0.011775	
0.027945	0.014613	0.013632	0.016504	0.016391	
0.025338	0.021745	0.04976	0.000827	0.00083	
0.000761	0.000736	0.000734	0.000666	0.00065	
0.000659	0.002315	0.002321	0.002403	0.05589	
0.040055	0.196	0.196	0.196	0.298	
0.298	0.401	0.401	
0	0	0	1	0	
1	1	1	1	1	
1	1	1	1	1	
1	1	1	1	1	
1	1	1	1	1	
1	1	1	1	1	
1	1	1	1	1	
1	0	0	0	0	
0	0	0	
77  164  205
-7.344	-11.593	-13.354	-17.07244	-18.666226	
-22.093839	-23.36	-26.412025	-27.379369	-30.268435	
-30.863492	-33.394506	-33.878326	-36.047421	-36.251884	
-38.081714	-37.977526	-39.463028	-39.051679	-40.203311	
-39.610851	-40.335553	-39.172346	-39.549372	-38.344907	
-38.449586	-36.753544	-36.708756	-34.835561	-34.536235	
-32.531708	-31.692251	-29.435493	-28.264105	-25.821	
-24.398515	-21.611	-19.897	-16.776	-14.69	
-9.688	-5.96	
0.314	0.158	0.196	0.018346	0.055216	
0.023308	0.089	0.038466	0.032402	0.011026	
0.024322	0.012384	0.01675	0.01976	0.01976	
0.009771	0.021706	0.005245	0.020967	0.024398	
0.027945	0.027945	0.016526	0.027945	0.009423	
0.012576	0.00137	0.001311	0.001314	0.001328	
0.001332	0.001333	0.038414	0.02011	0.196	
0.041054	0.196	0.196	0.298	0.401	
0.401	0.503	
0	0	0	1	1	
1	0	1	1	1	
1	1	1	1	1	
1	1	1	1	1	
1	1	1	1	1	
1	1	1	1	1	
1	1	1	1	0	
1	0	0	0	0	
0	0	
78  166  208
-4.73	-6.612	-11.00746	-12.512	-16.299193	
-17.469702	-21.10692	-21.942911	-25.318163	-25.713466	
-28.933867	-29.370444	-31.997519	-32.268145	-34.435877	
-34.381511	-36.168449	-35.772487	-37.334243	-36.68814	
-37.864443	-36.68505	-37.820929	-36.469348	-37.30645	
-35.698237	-36.288457	-34.479608	-34.76007	-32.793849	
-32.64451	-30.41975	-29.903999	-27.388682	-26.59916	
-23.740714	-22.692125	-19.627	-17.922	-12.966	
-9.632	-4.54	-0.99	
0.3	0.302	0.149951	0.196	0.018247	
0.072747	0.010377	0.055977	0.010351	0.018185	
0.012724	0.014988	0.010133	0.007977	0.010974	
0.013689	0.013095	0.015533	0.015584	0.025832	
0.021745	0.024048	0.005304	0.01009	0.000657	
0.004127	0.00257	0.001359	0.000496	0.000503	
0.00051	0.000536	0.0021	0.002159	0.02011	
0.050103	0.02515	0.196	0.196	0.298	
0.298	0.401	0.4	
0	0	1	0	1	
1	1	1	1	1	
1	1	1	1	1	
1	1	1	1	1	
1	1	1	1	1	
1	1	1	1	1	
1	1	1	1	1	
1	1	0	0	0	
0	0	0	
79  169  210
-1.788	-3.752	-7.562295	-9.318006	-12.83244	
-14.235	-17.403955	-18.520963	-21.545103	-22.303743	
-24.988567	-25.625509	-27.871136	-28.300768	-30.191483	
-30.31871	-31.858143	-31.714852	-33.027838	-32.371308	
-33.581955	-32.833533	-33.797904	-32.772116	-33.404821	
-32.211936	-32.567031	-31.138706	-31.139738	-29.580781	
-29.093741	-27.240092	-26.400714	-24.352979	-23.143436	
-20.65	-18.77	-14.215	-10.81	-6.101	
-2.54	2.329	
0.298	0.196	0.020713	0.056158	0.022784	
0.089	0.03864	0.033185	0.010496	0.010086	
0.011696	0.004786	0.019976	0.02026	0.009423	
0.022275	0.002608	0.020967	0.022308	0.002701	
0.020081	0.003447	0.004926	0.015827	0.008674	
0.002118	0.001119	0.002962	0.000542	0.00054	
0.000542	0.026717	0.003218	0.023287	0.003083	
0.2	0.196	0.298	0.3	0.298	
0.4	0.401	
0	0	1	1	1	
0	1	1	1	1	
1	1	1	1	1	
1	1	1	1	1	
1	1	1	1	1	
1	1	1	1	1	
1	1	1	1	1	
0	0	0	0	0	
0	0	
80  171  216
3.48	-1.058744	-2.71	-6.641009	-7.972576	
-11.78495	-12.782542	-16.315901	-16.928134	-20.250447	
-20.661136	-23.576922	-23.804674	-26.348965	-26.183666	
-28.539097	-28.11793	-30.201914	-29.626401	-31.370697	
-30.591896	-32.011553	-31.062179	-32.183945	-31.013393	
-31.825941	-30.540229	-30.95431	-29.546068	-29.50327	
-27.662542	-27.345324	-25.269265	-24.690145	-22.28774	
-20.945801	-16.487444	-13.265406	-8.644	-5.365	
-0.624	2.757	7.666	11.178	16.208	
19.859	
0.303	0.150079	0.196	0.019211	0.072896	
0.011119	0.075056	0.01077	0.027267	0.012649	
0.015382	0.00979	0.007084	0.010062	0.013639	
0.01165	0.013905	0.012275	0.031553	0.015907	
0.02228	0.015537	0.015505	0.002888	0.023142	
0.002946	0.003207	0.000458	0.000526	0.000529	
0.000711	0.000705	0.001627	0.000498	0.003654	
0.02044	0.029808	0.030739	0.149	0.196	
0.196	0.298	0.298	0.401	0.401	
0.401	
0	1	0	1	1	
1	1	1	1	1	
1	1	1	1	1	
1	1	1	1	1	
1	1	1	1	1	
1	1	1	1	1	
1	1	1	1	1	
1	1	1	0	0	
0	0	0	0	0	
0	
81  176  218
0.581594	-3.340526	-4.79	-8.268495	-9.386647	
-12.798735	-13.327927	-16.587257	-16.883242	-19.757741	
-19.886613	-22.444587	-22.3364	-24.6161	-24.372027	
-26.282945	-25.872246	-27.477212	-26.937491	-28.155248	
-27.496592	-28.341649	-27.528746	-28.059394	-27.04723	
-27.180838	-25.980216	-25.761377	-24.346145	-23.820874	
-22.253367	-21.034451	-16.750132	-13.644757	-9.246969	
-6.077998	-1.551	1.783811	6.465	9.911	
14.718	18.313	23.18	
0.075086	0.021629	0.089	0.038793	0.06001	
0.009108	0.011839	0.009331	0.01002	0.020674	
0.022356	0.008048	0.029904	0.008368	0.007948	
0.007349	0.031671	0.006707	0.013972	0.011093	
0.012109	0.016325	0.007545	0.027945	0.005759	
0.014185	0.001606	0.001166	0.001152	0.001237	
0.001284	0.005439	0.001854	0.00611	0.011604	
0.041917	0.2	0.027013	0.196	0.298	
0.298	0.401	0.4	
1	1	0	1	1	
1	1	1	1	1	
1	1	1	1	1	
1	1	1	1	1	
1	1	1	1	1	
1	1	1	1	1	
1	1	1	1	1	
1	0	1	0	0	
0	0	0	
82  178  220
3.574294	2.050639	-1.94138	-3.11735	-6.825112	
-7.575218	-11.051522	-11.54122	-14.682026	-14.986959	
-17.815202	-17.844035	-20.416645	-20.231118	-22.55602	
-22.19449	-24.20794	-23.707693	-25.348312	-24.745401	
-26.067489	-25.231804	-26.251054	-25.271036	-25.940614	
-24.786557	-25.109892	-23.770239	-23.785584	-22.452047	
-21.748598	-17.614646	-14.728502	-10.492948	-7.54885	
-3.203532	-0.182769	4.342244	7.48	12.24	
15.453	20.279	23.669	
0.023963	0.07559	0.012396	0.075411	0.012098	
0.028151	0.012806	0.016175	0.011363	0.005094	
0.010622	0.014062	0.012514	0.03726	0.013295	
0.049577	0.017435	0.01796	0.00771	0.004804	
0.00875	0.009996	0.010927	0.013747	0.003796	
0.006554	0.001146	0.001144	0.001144	0.001147	
0.001148	0.001747	0.001447	0.002261	0.001842	
0.006954	0.001975	0.052448	0.196	0.298	
0.298	0.401	0.401	
1	1	1	1	1	
1	1	1	1	1	
1	1	1	1	1	
1	1	1	1	1	
1	1	1	1	1	
1	1	1	1	1	
1	1	1	1	1	
1	1	1	0	0	
0	0	0	
83  184  224
1.063068	-2.236	-3.146212	-6.383271	-7.194687	
-10.06466	-10.599579	-13.239347	-13.534535	-15.884559	
-16.028811	-18.025561	-18.009031	-19.687191	-19.369486	
-20.797566	-20.370755	-21.416433	-20.741484	-21.524827	
-20.645896	-21.064504	-20.028278	-20.054627	-18.870223	
-18.258662	-14.791979	-11.859131	-8.117954	-5.231635	
-1.200753	1.629322	5.873991	8.729962	13.216037	
16.283	20.819	24.098	28.729	32.137	
36.83	
0.07811	0.081	0.016857	0.010005	0.011187	
0.020851	0.022562	0.007487	0.030112	0.007576	
0.006178	0.005287	0.024428	0.008333	0.027945	
0.010568	0.022321	0.015183	0.015396	0.012778	
0.00918	0.005111	0.007632	0.002397	0.002304	
0.001364	0.001363	0.005442	0.001854	0.005082	
0.011209	0.005624	0.011178	0.017698	0.027013	
0.196	0.298	0.298	0.3	0.401	
0.4	
1	0	1	1	1	
1	1	1	1	1	
1	1	1	1	1	
1	1	1	1	1	
1	1	1	1	1	
1	1	1	1	1	
1	1	1	1	1	
0	0	0	0	0	
0	
84  186  227
4.100974	2.828597	-0.544313	-1.422005	-4.563837	
-5.068735	-8.070661	-8.325318	-11.004655	-11.056259	
-13.473042	-13.35799	-15.473352	-15.208483	-16.941761	
-16.521185	-17.941616	-17.310889	-18.341244	-17.521398	
-18.188674	-17.145775	-17.469596	-16.366092	-15.953137	
-12.432571	-10.369487	-6.653584	-4.470046	-0.541706	
1.78242	5.883518	8.356901	12.681359	15.263461	
19.773755	22.486265	27.079	29.91	34.53	
37.549	42.281	
0.018286	0.031898	0.019973	0.022059	0.013465	
0.007103	0.01111	0.014531	0.012911	0.037364	
0.013512	0.049679	0.017424	0.01806	0.007579	
0.004942	0.00867	0.008655	0.011013	0.010059	
0.004012	0.006659	0.001737	0.001778	0.001146	
0.001255	0.001152	0.003053	0.001449	0.002121	
0.001816	0.006544	0.001973	0.015835	0.017698	
0.019561	0.040054	0.196	0.196	0.298	
0.401	0.401	
1	1	1	1	1	
1	1	1	1	1	
1	1	1	1	1	
1	1	1	1	1	
1	1	1	1	1	
1	1	1	1	1	
1	1	1	1	1	
1	1	0	0	0	
0	0	
85  191  229
3.863917	2.925854	-0.06732	-0.720163	-3.470295	
-3.914677	-6.35525	-6.714513	-8.823372	-8.987892	
-10.789438	-10.590732	-12.162557	-11.875433	-12.971946	
-12.429718	-13.227416	-12.469871	-12.882613	-11.972177	
-11.647264	-8.628221	-6.579595	-3.379831	-1.255756	
2.256666	4.394635	8.098162	10.396076	14.375747	
16.782727	20.953026	23.428006	27.711015	30.395	
34.614	37.483	41.684	44.823	
0.016103	0.027876	0.021632	0.024931	0.009573	
0.030284	0.007983	0.005868	0.005384	0.024465	
0.008184	0.027977	0.010576	0.022288	0.015085	
0.015056	0.012406	0.008921	0.005102	0.007695	
0.002729	0.002384	0.004898	0.004298	0.006799	
0.003575	0.005001	0.011604	0.003237	0.013972	
0.013972	0.015835	0.013972	0.022356	0.298	
0.298	0.298	0.401	0.401	
1	1	1	1	1	
1	1	1	1	1	
1	1	1	1	1	
1	1	1	1	1	
1	1	1	1	1	
1	1	1	1	1	
1	1	1	1	0	
0	0	0	0	
86  193  231
9.042911	5.723495	5.050281	1.970991	1.510353	
-1.230358	-1.499451	-4.004765	-4.072324	-6.274635	
-6.153699	-7.970193	-7.709786	-9.132965	-8.634762	
-9.655591	-8.941049	-9.60477	-8.755404	-8.659608	
-5.696026	-4.319742	-1.168561	0.252868	3.658501	
5.217347	8.829402	10.612077	14.47142	16.372206	
20.389739	22.445098	26.534141	28.747192	32.885834	
35.243465	39.3624	42.048	46.454	
0.025112	0.016899	0.050502	0.014417	0.016193	
0.01342	0.037588	0.013681	0.049732	0.01752	
0.018179	0.007444	0.00508	0.008591	0.008497	
0.011138	0.00996	0.004557	0.006813	0.003145	
0.00337	0.009187	0.007672	0.005994	0.004198	
0.002316	0.0021	0.001815	0.005714	0.00195	
0.007822	0.009814	0.01114	0.010477	0.014091	
0.017677	0.013041	0.196	0.298	
1	1	1	1	1	
1	1	1	1	1	
1	1	1	1	1	
1	1	1	1	1	
1	1	1	1	1	
1	1	1	1	1	
1	1	1	1	1	
1	1	0	0	
87  197  233
10.253971	9.574024	6.771393	6.132498	3.588577	
3.096237	0.876417	0.60731	-1.309813	-1.242416	
-2.844341	-2.665919	-3.769572	-3.333205	-4.140249	
-3.515968	-3.552848	-0.958707	0.318065	2.97095	
4.31459	7.059117	8.617767	11.48232	13.27729	
16.378105	18.382394	21.748616	23.82061	27.520539	
29.682445	33.384221	35.668262	39.486768	42.080575	
46.072834	48.920051	
0.054404	0.032222	0.013726	0.030611	0.00908	
0.00704	0.006232	0.024581	0.007824	0.028195	
0.017505	0.011834	0.014648	0.015154	0.011991	
0.008775	0.005091	0.008634	0.007066	0.004173	
0.006531	0.004757	0.007039	0.004028	0.004886	
0.007452	0.001932	0.011178	0.011967	0.00623	
0.005898	0.006732	0.005001	0.006541	0.007731	
0.013972	0.019561	
1	1	1	1	1	
1	1	1	1	1	
1	1	1	1	1	
1	1	1	1	1	
1	1	1	1	1	
1	1	1	1	1	
1	1	1	1	1	
1	1	
88  201  235
11.936801	9.074861	8.661726	6.056787	5.838991	
3.565539	3.544485	1.727856	1.858219	0.442792	
0.832023	-0.198968	0.345557	0.092734	2.533739	
3.291077	5.889656	6.65117	9.394282	10.270245	
12.963811	14.320188	17.233309	18.825917	21.993109	
23.667824	27.177711	28.940268	32.561963	34.516306	
38.216486	40.496953	44.33406	46.930629	51.13	

0.020301	0.015018	0.038124	0.015273	0.070521	
0.018008	0.053202	0.009023	0.005747	0.009193	
0.007918	0.011263	0.009818	0.00525	0.007613	
0.008737	0.007202	0.011176	0.008258	0.008237	
0.00463	0.004454	0.00209	0.001813	0.002596	
0.001933	0.001952	0.001996	0.015441	0.010296	
0.01137	0.009151	0.008603	0.008383	0.3	

1	1	1	1	1	
1	1	1	1	1	
1	1	1	1	1	
1	1	1	1	1	
1	1	1	1	1	
1	1	1	1	1	
1	1	1	1	0	

89  205  237
14.106693	13.479452	11.146233	10.753235	8.843809	
8.789699	7.202214	7.277298	6.154692	6.443854	
6.030615	8.144395	8.703673	10.843609	11.56948	
13.743682	14.523109	16.621474	17.825882	20.234135	
21.637346	24.309264	25.84958	28.894728	30.689933	
33.838383	35.762849	39.154419	41.308033	44.84119	
47.357155	51.220992	54.02	
0.050818	0.050493	0.050387	0.055716	0.050608	
0.057402	0.052976	0.051381	0.015272	0.01536	
0.012406	0.01084	0.011389	0.05074	0.050497	
0.006129	0.050425	0.005174	0.00711	0.004089	
0.004758	0.0031	0.001927	0.002094	0.012109	
0.015835	0.013041	0.013041	0.013041	0.013972	
0.013972	0.038191	0.4	
1	1	1	1	1	
1	1	1	1	1	
1	1	1	1	1	
1	1	1	1	1	
1	1	1	1	1	
1	1	1	1	1	
1	1	0	
90  208  239
16.68373	16.367	14.059446	13.910171	12.110808	
12.120086	10.694885	10.921586	10.298332	12.20578	
12.366741	14.47139	14.6691	16.940371	17.203111	
19.385831	19.993734	22.310127	23.197634	25.804823	
26.770984	29.585583	30.862593	33.815891	35.446784	
38.731715	40.613009	44.017749	46.255198	49.955092	
52.525	56.45	
0.03419	0.14	0.018909	0.07301	0.010109	
0.009217	0.010661	0.00884	0.012042	0.010614	
0.010516	0.050576	0.022166	0.008166	0.012279	
0.009212	0.01012	0.005093	0.004481	0.002088	
0.001807	0.002405	0.00121	0.001218	0.001422	
0.001425	0.002589	0.013041	0.013972	0.015835	
0.283	0.4	
1	0	1	1	1	
1	1	1	1	1	
1	1	1	1	1	
1	1	1	1	1	
1	1	1	1	1	
1	1	1	1	1	
0	0	
91  211  241
22.08	21.593358	19.662625	19.485515	17.863939	
17.799214	17.06841	18.68377	18.540131	20.218	
20.376288	22.155	22.320676	23.862278	24.340725	
26.033276	26.831198	28.923586	29.896908	32.173607	
33.424404	35.946633	37.489472	40.338921	42.288896	
45.33395	47.527619	50.894038	53.337	56.91	
59.64	
0.102	0.074862	0.071142	0.076125	0.072845	
0.053526	0.015918	0.018329	0.051516	0.051	
0.051281	0.072	0.071063	0.007587	0.071012	
0.01142	0.00742	0.00434	0.00328	0.003038	
0.001772	0.007645	0.001336	0.004094	0.013972	
0.013972	0.013041	0.015835	0.196	0.2	
0.3	
0	1	1	1	1	
1	1	1	1	0	
1	0	1	1	1	
1	1	1	1	1	
1	1	1	1	1	
1	1	1	0	0	
0	
92  215  243
24.923087	23.066351	22.973	21.894608	23.286569	
22.933	24.519995	24.272827	25.837006	25.722252	
27.379921	27.328869	29.045462	29.222226	31.210554	
31.615002	33.806015	34.60953	36.919176	38.145025	
40.918846	42.444644	45.390194	47.307783	50.572718	
52.715505	56.197	58.62	62.36	
0.08849	0.028093	0.071	0.013714	0.050775	
0.101	0.051114	0.051994	0.071119	0.023171	
0.010909	0.012999	0.009705	0.014354	0.005938	
0.004509	0.00267	0.001809	0.002255	0.00113	
0.001117	0.001113	0.001203	0.001493	0.001503	
0.002553	0.196	0.201	0.3	
1	1	0	1	1	
0	1	1	1	1	
1	1	1	1	1	
1	1	1	1	1	
1	1	1	1	1	
1	0	0	0	
93  219  245
29.456655	30.311	29.85	31.019	30.6	
31.876	31.587704	32.777	32.56208	33.595694	
33.779675	35.236291	35.624513	37.36	37.94859	
39.954871	41.043108	43.378178	44.871659	47.454656	
49.311057	52.316272	54.260175	57.416932	59.876	
63.202	65.89	
0.088354	0.196	0.2	0.196	0.196	
0.196	0.071622	0.088	0.072506	0.050572	
0.086848	0.051288	0.050547	0.1	0.050981	
0.008397	0.001389	0.050421	0.00112	0.001138	
0.001311	0.017032	0.070719	0.200004	0.032	
0.298	0.3	
1	0	0	0	0	
0	1	0	1	1	
1	1	1	0	1	
1	1	1	1	1	
1	1	1	1	0	
0	0	
94  227  247
36.77	36.08737	37.39559	36.934392	38.309005	
38.36314	40.051769	40.349971	42.18241	42.901593	
45.091722	46.163213	48.588282	50.12538	52.955175	
54.716932	57.754602	59.806028	63.178179	65.394801	
69.108	
0.1	0.029143	0.051176	0.014824	0.022549	
0.017595	0.050351	0.006798	0.020521	0.001811	
0.001697	0.001139	0.001113	0.001106	0.001106	
0.001245	0.002542	0.002346	0.01362	0.014985	
0.196	
0	1	1	1	1	
1	1	1	1	1	
1	1	1	1	1	
1	1	1	1	1	
0	
95  229  249
42.15002	42.932	42.41	43.34	43.263	
44.461	44.625429	46.041	46.57	48.421487	
49.390424	51.510169	52.934395	55.468072	57.175046	
59.879196	61.900469	64.994	67.153	70.563	
73.104	
0.087348	0.133	0.3	0.3	0.102	
0.159	0.052192	0.112	0.059	0.0507	
0.001982	0.013832	0.001114	0.001119	0.001388	
0.001492	0.001887	0.018	0.1	0.2	
0.298	
1	0	0	0	0	
0	1	0	0	1	
1	1	1	1	1	
1	1	0	0	0	
0	
96  231  252
47.27	46.312	47.294006	46.724633	48.034	
47.855045	49.247085	49.445188	51.147025	51.724306	
53.70183	54.803764	57.181998	58.451896	61.00458	
62.616967	65.533143	67.392755	70.750702	72.989594	
76.648018	79.056	
0.3	0.202	0.071547	0.017394	0.201	
0.018315	0.07096	0.012234	0.054047	0.001906	
0.001608	0.001142	0.001496	0.001107	0.00115	
0.001526	0.003797	0.002358	0.002371	0.010274	
0.022698	0.298	
0	0	1	1	0	
1	1	1	1	1	
1	1	1	1	1	
1	1	1	1	1	
1	0	
97  233  254
52.861	53.455	52.704	53.542	53.188	
54.216	54.25	55.664	56.032	57.734	
58.689693	60.713885	61.813836	63.966967	65.489562	
68.08	69.846384	72.949978	75.228018	78.535	
80.929	84.393	
0.224	0.142	0.401	0.401	0.224	
0.255	0.207	0.15	0.2	0.2	
0.004524	0.014399	0.001793	0.060019	0.005189	
0.071	0.001249	0.003719	0.010734	0.2	
0.359	0.298	
0	0	0	0	0	
0	0	0	0	0	
1	1	1	1	1	
0	1	1	1	0	
0	0	
98  237  256
57.938921	57.278	58.269	57.990944	59.327	
59.386966	60.99	61.478179	63.38521	64.090292	
66.103903	67.238012	69.722784	71.170391	74.135018	
76.034617	79.301567	81.341401	84.809	87.041	

0.087287	0.298	0.209	0.0187	0.166	
0.012892	0.114	0.002618	0.002428	0.001515	
0.015334	0.005121	0.001183	0.001538	0.003901	
0.002358	0.004257	0.011462	0.2	0.314	

1	0	0	1	0	
1	0	1	1	1	
1	1	1	1	1	
1	1	1	0	0	

99  239  258
63.556	64.199	63.863	64.801	64.747	
66.026	66.366	67.901	68.578388	70.299	
71.175	73.225	74.512277	77.294617	79.010538	
81.990594	84.089274	87.187	89.403	92.702	

0.298	0.401	0.225	0.256	0.207	
0.181	0.2	0.224	0.019441	0.052	
0.03	0.1	0.005994	0.050056	0.00125	
0.00401	0.010817	0.1	0.411	0.401	

0	0	0	0	0	
0	0	0	1	0	
0	0	1	1	1	
1	1	0	0	0	

100  241  260
69.126	68.4	69.387	68.966	70.187	
70.188833	71.673	71.897857	73.519188	74.072243	
75.953919	76.815627	79.34574	80.902794	83.799654	
85.486817	88.590033	90.426	93.704	95.766	

0.298	0.401	0.215	0.201	0.195	
0.015333	0.115	0.008497	0.006212	0.007888	
0.015203	0.005498	0.002932	0.002414	0.004291	
0.0056	0.004486	0.2	0.283	0.435	

0	0	0	0	0	
1	0	1	1	1	
1	1	1	1	1	
1	1	0	0	0	

101  245  262
75.272	76.115	75.937	77.148	77.232	
78.63	78.966744	80.51	81.173	83.453	
84.84307	87.456	88.993053	91.686792	93.624	
96.552	98.578	101.627	
0.305	0.259	0.207	0.237	0.201	
0.301	0.018919	0.13	0.031	0.1	
0.006553	0.122	0.001601	0.004419	0.2	
0.316	0.509	0.5	
0	0	0	0	0	
0	1	0	0	0	
1	0	1	1	0	
0	0	0	
102  248  264
80.621	81.782	81.564	82.849	82.871427	
84.358735	84.723347	86.807234	87.822062	90.247256	
91.478	94.078569	95.612	98.455	100.101	
103.129	105.011	
0.224	0.279	0.201	0.114	0.009292	
0.006912	0.009658	0.014904	0.007743	0.006678	
0.1	0.006589	0.2	0.2	0.361	
0.49	0.591	
0	0	0	0	1	
1	1	1	1	1	
0	1	0	0	0	
0	0	
103  251  266
87.728	88.737	88.575	89.871	89.9473	
91.746598	92.665	94.782	95.852	98.277	
99.558	102.102	103.729	106.377	108.233	
111.622	
0.298	0.238	0.202	0.301	0.017698	
0.082903	0.044	0.102	0.071	0.124	
0.2	0.2	0.283	0.436	0.547	
0.583	
0	0	0	0	1	
1	0	0	0	0	
0	0	0	0	0	
0	
104  253  268
93.557	93.199	94.33	94.222049	95.866427	
96.341036	98.362	99.147	101.318594	102.393	
104.756	106.077	108.69	110.076	113.444	
115.476	
0.41	0.283	0.115	0.017848	0.010817	
0.031967	0.072	0.2	0.050444	0.224	
0.153	0.361	0.361	0.469	0.575	
0.662	
0	0	0	1	1	
1	0	0	1	0	
0	0	0	0	0	
0	
105  255  270
99.593	100.498	100.207	101.797	101.991016	
103.673	104.308	106.253	107.111	109.362	
110.483	112.737	114.074	117.062	119.148	
122.307	
0.359	0.24	0.203	0.305	0.05304	
0.093	0.11	0.143	0.168	0.235	
0.224	0.283	0.412	0.529	0.624	
0.617	
0	0	0	0	1	
0	0	0	0	0	
0	0	0	0	0	
0	
106  258  273
105.244	106.52	106.547552	108.005043	108.365771	
110.19	110.782	112.794	113.618	115.806	
116.802	119.763	121.491	124.757	126.58	
130.018	
0.413	0.115	0.020536	0.018494	0.035411	
0.095	0.283	0.123	0.245	0.257	
0.469	0.364	0.557	0.585	0.727	
0.503	
0	0	1	1	1	
0	0	0	0	0	
0	0	0	0	0	
0	
107  260  275
113.323	113.133	114.541	114.496	116.058	
116.415	118.104	118.766	120.807	121.478	
124.226	125.921	128.789	130.633	133.682	
135.691	
0.245	0.209	0.306	0.305	0.177	
0.234	0.163	0.263	0.381	0.374	
0.287	0.415	0.532	0.692	0.619	
0.596	
0	0	0	0	0	
0	0	0	0	0	
0	0	0	0	0	
0	
108  263  277
119.678	119.563222	120.900283	121.136373	122.653	
122.83	124.564	125.112	127.74	129.006	
131.89	133.486	136.62	138.285	141.493	

0.125	0.028881	0.023958	0.038695	0.096	
0.283	0.124	0.248	0.28	0.51	
0.367	0.592	0.587	0.754	0.541	

0	1	1	1	0	
0	0	0	0	0	
0	0	0	0	0	

109  265  279
126.678	127.962	127.791	129.151	129.37	
130.71	131.101	133.581	134.713	137.246	
138.829	141.315	142.968	145.736	147.496	

0.451	0.307	0.503	0.233	0.463	
0.17	0.33	0.485	0.424	0.354	
0.418	0.532	0.699	0.621	0.667	

0	0	0	0	0	
0	0	0	0	0	
0	0	0	0	0	

110  267  281
133.88	133.648	134.834709	134.678282	135.948	
136.015	138.356	139.197	141.565	142.541	
145.14	146.381	149.126	150.52	153.431	

0.135	0.301	0.031403	0.048011	0.097	
0.413	0.134	0.389	0.41	0.548	
0.384	0.625	0.598	0.78	0.579	

0	0	1	1	0	
0	0	0	0	0	
0	0	0	0	0	

111  272  283
142.773	142.695	144.613	145.296	147.486	
148.338	150.517	151.775	153.886	155.297	
157.8	159.281	
0.233	0.526	0.177	0.519	0.629	
0.52	0.357	0.421	0.532	0.806	
0.654	0.697	
0	0	0	0	0	
0	0	0	0	0	
0	0	
112  276  285
150.352	152.403	152.932	155.03	155.696	
158.019	158.976	161.486	162.545	165.173	

0.596	0.143	0.438	0.456	0.583	
0.387	0.656	0.608	0.806	0.581	

0	0	0	0	0	
0	0	0	0	0	

113  278  287
158.889	159.239	161.14	161.81	163.725	
164.707	166.591	167.731	170.014	171.245	

0.184	0.699	0.4	0.3	0.361	
0.436	0.534	0.807	0.656	0.725	

0	0	0	0	0	
0	0	0	0	0	

114  284  289
168.921	171.003	171.773	174.073	175.042	
177.564	
0.656	0.391	0.657	0.61	0.806	
0.584	
0	0	0	0	0	
0	
115  287  291
177.895	179.771	180.666	182.894	183.99	

0.439	0.536	0.809	0.658	0.784	

0	0	0	0	0	

116  289  293
184.528	185.198	187.387	188.242	190.669	

0.492	0.66	0.612	0.806	0.586	

0	0	0	0	0	

117  291  294
191.8	193.576	194.385	196.521	
0.594	0.669	0.81	0.66	
0	0	0	0	
118  293  294
198.873	199.463	
0.702	0.663	
0	0	
