ZFER AFER Channel Zp  Ap  Zt  At   Beam_Energy(MeV)  cross-section(ub)  Ecross-section(ub)  Facility  Cf
83   185   3n     42  95  41  93    438   40E-3     0.0      SHIP     0.0
83   187   p2n    22  46  62  144   220   200E-3    3E-3     SHIP     0.0
84   186   4n     22  46  62  144   230   200E-6    70E-6    SHIP     0.0
84   187   3n     22  46  62  144   220   0.8E-3    0.3E-3   SHIP     0.0
84   192   2n     24  52  60  142   221   8.0       2.0      SHIP     0.0
84   191   3n     24  52  60  142   221   1.6       0.4      SHIP     0.0
84   190   4n     24  52  60  142   221   0.15      0.04     SHIP     0.0
84   190   2n     22  48  62  144   207   0.5       0.0      Unknown  0.0
84   189   5n     24  52  60  142   221   0.03      0.01     SHIP     0.0
84   188   6n     24  52  60  142   221   0.6       0.3      SHIP     0.0
84   194   p2n    26  56  59  141   255   18.0      4.0      SHIP     0.0
85   191   4n     26  54  59  141   260   300E-6    0.0      JYFL     0.0
85   192   3n     23  51  62  144   230   40E-3     10.0E-3  SHIP     0.0
85   193   4n     26  56  59  141   266   40.0E-3   0.0      JYFL     0.0
85   194   3n     26  56  59  141   255   1.3       0.4      SHIP     0.0
85   194   3n     26  56  59  141   248   1.5       0.0      JYFL     0.0
85   194   4n     23  51  62  147   224   50E-3     0.0      JYFL     0.0
85   195   3n     23  51  62  147   224   1.2       0.0      JYFL     0.0
85   195   p2n    26  56  60  142   262   200.0E-3  0.0      JYFL     0.0
85   196   2n     23  51  62  147   224   230.0E-3  0.0      JYFL     0.0
86   194   3n     24  52  62  144   248   50E-6     20E-6    JYFL     0.0
86   194   2n     24  52  62  144   232   120E-6    50E-6    JYFL     0.0
87   197   4n     28  60  59  141   300   18.0E-6   41.0     SHIP     0.0
87   198   3n     28  60  59  141   282   1.0E-3    0.2E-3   SHIP     0.0
87   199   2n     28  60  59  141   267   3.1E-3    1.3E-3   SHIP     0.0 
